P2498 0.1690261960029602 1009.02 1009.04 1036.03 1000.76 1045.51 1031.68 1018.50 1039.96
P2498 0.0665750503540039 780.98 849.31 796.54 842.72 801.40 854.19 785.84 860.78
P2643 0.13160257041454315 6674.50 2003.38 6711.48 1968.27 6773.49 2033.57 6736.50 2068.68
P2333 0.3666599988937378 1065.58 470.62 1123.38 478.74 1109.50 577.48 1051.71 569.36
P2333 0.267289936542511 1039.85 613.49 1114.82 611.34 1115.94 650.21 1040.96 652.36
P1335 0.8765754699707031 3617.16 2422.86 3635.36 2415.95 3650.23 2455.10 3632.04 2462.01
P1335 0.5922823548316956 1944.97 2138.42 1985.86 2123.20 1993.54 2143.84 1952.65 2159.05
P1335 0.33787161111831665 2667.15 2836.61 2689.73 2830.60 2699.88 2868.71 2677.29 2874.72
P1335 0.27718400955200195 3111.64 2009.35 3149.43 2001.47 3156.51 2035.44 3118.72 2043.32
P1335 0.26585909724235535 1956.18 2166.59 1996.08 2153.72 2002.54 2173.75 1962.64 2186.61
P1335 0.09963157773017883 3635.76 2415.83 3652.51 2408.84 3668.92 2448.15 3652.17 2455.14
P1335 0.09741966426372528 3599.99 2423.76 3615.56 2418.04 3631.09 2460.37 3615.53 2466.08
P2763 0.9728395938873291 4564.82 2807.35 4732.35 2782.74 4767.53 3022.18 4599.99 3046.79
P2763 0.9003735184669495 3120.21 3976.22 3196.48 3985.03 3181.72 4112.77 3105.46 4103.96
P2763 0.6272305846214294 4937.72 2444.88 5051.66 2444.26 5052.79 2650.51 4938.84 2651.14
P2763 0.5225623846054077 706.76 3527.48 970.58 3522.48 973.20 3660.54 709.37 3665.54
P2763 0.5010548830032349 4896.81 67.69 5010.90 62.97 5020.22 288.40 4906.14 293.12
P2763 0.35754644870758057 4370.02 2822.29 4541.07 2823.31 4539.68 3056.00 4368.63 3054.98
P2763 0.3006812632083893 3089.34 3304.56 3195.38 3290.75 3217.68 3461.96 3111.64 3475.78
P2763 0.18065771460533142 587.86 1614.10 665.75 1613.71 666.56 1777.88 588.68 1778.27
P2763 0.18013939261436462 5579.17 4131.50 5868.90 4131.08 5869.09 4263.52 5579.36 4263.94
P2763 0.17870359122753143 3012.77 1231.61 3148.65 1233.15 3147.40 1344.11 3011.52 1342.58
P2763 0.17719358205795288 5699.18 3929.62 5956.02 3958.15 5937.41 4125.65 5680.57 4097.11
P2763 0.14668886363506317 4147.06 2546.75 4381.82 2546.83 4381.78 2640.15 4147.03 2640.07
P2763 0.12715372443199158 734.18 1475.14 945.17 1478.20 943.25 1610.44 732.26 1607.38
P2763 0.06910017132759094 -2.08 3143.47 320.38 3179.45 311.72 3257.02 -10.74 3221.04
P2763 0.06552576273679733 414.88 4091.06 614.43 4203.06 514.00 4381.99 314.45 4269.99
P2763 0.06076347082853317 4385.36 4078.28 4443.61 4063.26 4483.01 4215.99 4424.75 4231.02
P2763 0.050143782049417496 290.97 2940.98 346.06 2939.68 346.71 2967.68 291.63 2968.97
P1346 0.40476515889167786 1109.60 2085.80 1133.11 2080.96 1141.88 2123.61 1118.37 2128.44
P1346 0.2114272117614746 1143.36 1875.60 1208.42 1858.44 1215.59 1885.62 1150.52 1902.78
P1862 0.9999432563781738 235.28 1732.30 490.26 1787.26 460.75 1924.22 205.76 1869.26
P1862 0.9998617172241211 203.33 1891.98 454.29 1943.34 425.44 2084.35 174.48 2032.99
P2652 0.9999415874481201 728.54 2708.23 845.49 2708.03 845.85 2917.22 728.90 2917.42
P2652 0.9999077320098877 858.63 2708.80 971.54 2708.85 971.45 2914.86 858.54 2914.82
P2652 0.9998607635498047 1108.96 2463.21 1221.27 2462.68 1222.27 2675.07 1109.96 2675.60
P2652 0.9998557567596436 966.33 2226.60 1079.60 2221.06 1090.43 2442.47 977.16 2448.01
P2652 0.9998419284820557 979.28 2470.20 1094.82 2467.76 1099.28 2678.78 983.75 2681.23
P2652 0.9998409748077393 474.13 2701.31 597.37 2698.18 602.76 2909.94 479.52 2913.08
P2652 0.9998329877853394 1099.21 2217.18 1215.91 2212.53 1224.90 2437.93 1108.20 2442.59
P2652 0.9998272061347961 1113.18 2697.84 1222.04 2699.24 1219.38 2906.81 1110.52 2905.41
P2652 0.9997939467430115 830.50 2228.15 951.70 2222.93 961.19 2443.37 840.00 2448.59
P2652 0.9997912049293518 846.15 2469.99 965.31 2468.14 968.70 2686.41 849.54 2688.26
P2652 0.9997861981391907 988.99 2703.86 1098.02 2704.24 1097.31 2912.41 988.28 2912.04
P2652 0.9997168183326721 467.75 2471.24 593.56 2468.98 597.23 2673.13 471.42 2675.40
P2652 0.9997064471244812 709.94 2236.00 819.17 2232.40 826.09 2442.50 716.87 2446.10
P2652 0.9997060894966125 715.12 2474.78 830.18 2471.31 836.66 2686.39 721.60 2689.86
P2652 0.9991955161094666 469.23 2229.58 593.74 2231.23 590.92 2444.47 466.41 2442.83
P2652 0.3032638728618622 857.72 2974.78 1109.33 2954.30 1122.18 3112.23 870.57 3132.71
P2652 0.26035940647125244 607.75 2256.79 672.17 2256.08 673.42 2369.45 609.00 2370.16
P2652 0.06501473486423492 613.49 2419.78 679.59 2419.02 680.96 2539.53 614.87 2540.28
P2652 0.057284366339445114 629.31 2775.45 688.56 2776.50 686.75 2879.26 627.50 2878.21
P1271 0.9973623156547546 5136.45 3565.11 5159.87 3561.19 5166.44 3600.45 5143.02 3604.37
P1271 0.996187150478363 5159.63 3562.27 5183.02 3559.20 5188.09 3597.86 5164.71 3600.94
P1271 0.9757354855537415 5166.84 3284.14 5190.41 3281.12 5195.47 3320.56 5171.90 3323.59
P1271 0.9317538738250732 5144.03 3287.79 5167.48 3284.72 5172.51 3323.11 5149.06 3326.18
P1271 0.9316384792327881 5181.13 3559.67 5204.50 3555.55 5211.32 3594.26 5187.95 3598.38
P1271 0.9265271425247192 5100.61 3293.66 5122.93 3290.21 5128.92 3328.93 5106.60 3332.38
P1271 0.8842066526412964 5123.61 3290.09 5146.81 3288.12 5150.09 3326.90 5126.89 3328.86
P1271 0.6708174347877502 396.86 448.29 416.19 442.49 426.45 476.67 407.13 482.47
P1271 0.1863628774881363 5120.09 2674.42 5141.83 2672.67 5145.02 2712.16 5123.28 2713.91
P1271 0.12683312594890594 5053.41 2391.34 5080.39 2387.54 5086.43 2430.45 5059.45 2434.24
P1271 0.05559645593166351 5139.29 3601.28 5173.80 3591.75 5179.28 3611.59 5144.76 3621.12
P1271 0.054241809993982315 4655.80 439.02 4701.25 437.51 4701.98 459.60 4656.54 461.12
P1229 0.9407511353492737 3906.88 2373.43 3930.27 2368.19 3940.31 2413.01 3916.92 2418.25
P1229 0.887658417224884 2304.92 2292.65 2340.09 2276.33 2350.46 2298.66 2315.29 2314.98
P1229 0.876248836517334 3274.03 2627.65 3311.50 2616.30 3318.49 2639.41 3281.03 2650.75
P1229 0.7918252944946289 3897.63 2329.39 3921.06 2324.44 3929.62 2364.93 3906.19 2369.88
P1229 0.6675111651420593 2315.67 2317.41 2352.45 2300.92 2361.79 2321.74 2325.00 2338.23
P1229 0.17260660231113434 2970.65 2339.00 2995.92 2331.77 3007.07 2370.78 2981.80 2378.00
P1229 0.1457814872264862 2390.95 3663.90 2411.57 3649.82 2433.18 3681.48 2412.56 3695.56
P1229 0.06491833180189133 3281.27 2646.73 3299.76 2640.86 3304.12 2654.58 3285.63 2660.46
P1112 0.09180932492017746 299.08 3361.37 490.73 3373.94 484.56 3467.98 292.92 3455.40
P1112 0.0506758987903595 6466.48 959.07 6648.76 918.00 6698.54 1138.94 6516.27 1180.01
P1112 0.050513796508312225 9503.40 3918.92 9732.94 3902.56 9745.68 4081.28 9516.13 4097.64
P1461 0.9998220801353455 718.63 608.92 832.43 620.18 813.13 815.24 699.33 803.98
P1461 0.9997912049293518 5651.13 3982.76 5774.71 3983.42 5773.57 4195.51 5649.98 4194.84
P1461 0.9997816681861877 5784.76 3990.28 5905.86 3990.56 5905.40 4186.42 5784.31 4186.14
P1461 0.9997811913490295 5792.17 3661.69 5910.75 3664.91 5904.92 3879.37 5786.34 3876.14
P1461 0.9997695088386536 586.41 592.26 701.48 602.61 683.32 804.53 568.25 794.18
P1461 0.9997307658195496 5659.37 3662.03 5779.54 3663.78 5776.43 3877.11 5656.26 3875.35
P1461 0.9997156262397766 697.98 830.23 810.70 843.45 788.06 1036.52 675.34 1023.30
P1461 0.9995511174201965 848.94 616.20 962.74 630.08 937.59 836.29 823.80 822.42
P1461 0.9993597865104675 823.22 844.39 936.94 853.53 921.11 1050.38 807.40 1041.24
P1461 0.9990767240524292 437.25 794.95 555.41 810.47 528.64 1014.39 410.47 998.87
P1461 0.9990648627281189 458.70 574.53 577.09 587.35 555.57 786.11 437.17 773.29
P1461 0.9979631900787354 566.55 810.26 683.95 824.58 659.69 1023.46 542.29 1009.14
P1461 0.4899052381515503 4985.06 4326.67 5153.63 4279.34 5181.08 4377.08 5012.50 4424.41
P1461 0.413008451461792 6533.64 4551.78 6643.98 4533.33 6664.74 4657.55 6554.41 4675.99
P1461 0.12627534568309784 1287.80 1564.15 1657.41 1622.65 1625.80 1822.34 1256.19 1763.83
P1461 0.12379994988441467 4869.57 3835.71 5169.77 3822.48 5183.16 4126.47 4882.96 4139.69
P1461 0.11410996317863464 5687.33 2921.57 5776.97 2899.64 5814.68 3053.81 5725.05 3075.74
P1461 0.10596716403961182 1427.98 827.45 1732.41 828.72 1731.38 1074.80 1426.95 1073.53
P1461 0.10486625880002975 6428.23 5640.24 6528.95 5634.31 6544.78 5903.26 6444.06 5909.19
P1461 0.1009347215294838 1871.14 1245.89 2002.35 1265.87 1970.20 1477.00 1838.99 1457.02
P1461 0.09278568625450134 6332.45 5890.19 6501.01 5855.19 6531.21 6000.63 6362.66 6035.63
P1461 0.08674866706132889 4519.03 3601.91 4659.57 3589.05 4677.89 3789.44 4537.35 3802.29
P1461 0.07818622887134552 4860.69 4141.72 5235.00 4180.21 5224.10 4286.21 4849.79 4247.71
P1461 0.07415737211704254 744.95 5869.89 957.66 5799.32 1013.75 5968.40 801.04 6038.97
P1461 0.06860487908124924 6186.73 1943.12 6334.56 1923.98 6348.25 2029.76 6200.43 2048.89
P1461 0.06638060510158539 1669.70 6109.48 1765.44 6130.57 1737.00 6259.75 1641.25 6238.67
P1461 0.06372316181659698 4151.86 2785.82 4265.68 2771.27 4288.06 2946.28 4174.23 2960.83
P1461 0.05339265242218971 4457.99 4378.74 4535.83 4367.62 4550.84 4472.74 4473.00 4483.86
P1576 0.5146969556808472 3101.14 3739.11 3130.91 3732.91 3145.07 3800.95 3115.30 3807.14
P1576 0.24482890963554382 3069.79 3780.53 3105.74 3773.87 3111.87 3806.88 3075.91 3813.54
P1576 0.23205135762691498 2390.85 353.77 2411.01 349.43 2422.11 401.00 2401.95 405.34
P1576 0.1400253027677536 3066.77 3741.07 3095.65 3735.78 3102.36 3772.46 3073.49 3777.74
P1733 0.49263817071914673 977.30 767.81 1011.61 758.58 1023.74 803.72 989.43 812.94
P1733 0.2211729884147644 931.78 660.41 977.04 649.17 986.24 686.19 940.98 697.43
P1733 0.20838525891304016 1020.16 748.91 1048.03 740.50 1063.04 790.24 1035.18 798.65
P1733 0.06976346671581268 2968.89 3587.80 3073.65 3555.98 3093.78 3622.26 2989.02 3654.08
P2537 0.05139411613345146 2507.65 891.24 2528.84 892.17 2527.38 925.65 2506.18 924.72
P1349 0.15217189490795135 373.79 1569.82 393.01 1559.97 416.74 1606.27 397.52 1616.12
P1263 0.9788457155227661 3504.10 3367.95 3538.70 3387.03 3528.31 3405.88 3493.71 3386.80
P1263 0.6888697147369385 2578.18 3483.25 2598.49 3492.18 2583.93 3525.30 2563.61 3516.37
P1263 0.6174709796905518 2605.63 3493.94 2627.56 3503.00 2612.07 3540.50 2590.14 3531.45
P1330 0.2977045476436615 2014.52 2695.38 2047.34 2696.67 2045.82 2735.13 2013.00 2733.84
P1637 0.0908990353345871 2329.61 1420.10 2365.53 1435.24 2320.86 1541.25 2284.93 1526.11
P1282 0.820519745349884 451.29 2441.36 483.46 2411.63 499.20 2428.66 467.02 2458.39
P1282 0.7429178357124329 1052.35 1458.51 1106.60 1438.42 1118.00 1469.21 1063.75 1489.30
P1282 0.3756211996078491 498.29 2427.99 510.67 2440.04 483.48 2467.97 471.10 2455.93
P1282 0.17856666445732117 486.09 2413.18 502.16 2399.44 522.52 2423.26 506.45 2437.00
P1282 0.15512314438819885 442.62 2426.06 472.11 2399.28 485.27 2413.77 455.79 2440.56
P1282 0.08136487752199173 526.52 2304.68 545.84 2314.05 529.45 2347.85 510.13 2338.48
P1282 0.06913673132658005 425.96 2377.38 445.03 2361.44 471.18 2392.72 452.10 2408.66
P1282 0.06834492087364197 482.98 2462.57 508.99 2440.35 521.43 2454.91 495.41 2477.13
P2410 0.9975627660751343 242.47 559.86 275.56 557.76 278.81 608.78 245.71 610.89
P2410 0.9944390058517456 245.99 617.56 276.78 615.54 280.12 666.46 249.33 668.48
P2410 0.949507474899292 943.22 392.51 973.57 397.14 966.23 445.30 935.87 440.67
P2410 0.9196645617485046 945.39 337.00 976.11 339.00 972.68 391.46 941.97 389.46
P2410 0.8092333078384399 503.40 615.54 529.66 614.79 530.94 659.36 504.67 660.11
P2410 0.7421843409538269 297.28 417.27 433.45 412.72 440.19 614.16 304.02 618.72
P2410 0.6004695892333984 472.02 540.54 497.53 540.07 498.32 582.11 472.80 582.58
P2410 0.45208972692489624 505.56 543.68 528.46 543.32 529.07 581.98 506.17 582.34
P2410 0.402313232421875 467.00 605.96 509.48 609.89 505.50 652.84 463.03 648.91
P2410 0.11725234985351562 876.61 683.34 909.11 685.31 904.82 755.91 872.32 753.94
P1729 0.35441267490386963 2100.48 2550.12 2118.80 2544.66 2131.14 2586.02 2112.81 2591.49
P1729 0.14255741238594055 1969.96 2595.74 1998.37 2587.45 2011.95 2634.00 1983.54 2642.29
P1729 0.07746414095163345 1994.02 2509.75 2043.04 2500.17 2054.66 2559.67 2005.65 2569.25
P1729 0.07597531378269196 2554.38 1806.12 2585.35 1798.38 2602.78 1868.12 2571.81 1875.86
P1678 0.06703668087720871 332.24 2326.63 582.83 2309.27 589.41 2404.25 338.82 2421.60
P1237 0.9969944953918457 3552.06 2028.36 3568.70 2042.19 3544.67 2071.12 3528.03 2057.29
P1237 0.9951487183570862 3972.12 3453.92 3993.29 3455.56 3990.53 3491.30 3969.36 3489.66
P1237 0.9876947402954102 3532.03 2012.52 3549.73 2027.17 3525.47 2056.47 3507.77 2041.81
P1237 0.9029715061187744 2012.73 3389.40 2036.61 3392.62 2031.15 3433.07 2007.27 3429.85
P1237 0.856903612613678 3956.06 3455.53 3971.55 3456.89 3968.96 3486.34 3953.48 3484.98
P1237 0.8536646366119385 3134.73 968.73 3158.52 975.42 3147.12 1015.92 3123.34 1009.22
P1237 0.8024424910545349 568.38 1710.69 605.30 1689.84 616.30 1709.33 579.38 1730.18
P1237 0.7345099449157715 1322.53 111.19 1336.32 97.84 1364.12 126.57 1350.33 139.92
P1237 0.7330935597419739 4813.07 1580.21 4837.01 1573.64 4849.24 1618.21 4825.31 1624.78
P1237 0.31862738728523254 3706.61 3641.04 3747.95 3621.26 3757.62 3641.47 3716.28 3661.25
P1237 0.12498974055051804 4705.45 1742.01 4768.79 1724.22 4774.84 1745.79 4711.50 1763.57
P1237 0.06715232878923416 3904.54 1659.82 3931.40 1685.64 3917.37 1700.23 3890.52 1674.41
P1237 0.056246720254421234 3114.03 962.76 3137.37 969.60 3125.67 1009.52 3102.33 1002.68
P1237 0.05529638007283211 1530.45 1320.78 1557.69 1296.37 1574.77 1315.42 1547.53 1339.84
P1237 0.050474196672439575 341.78 208.77 383.23 186.20 393.62 205.29 352.17 227.86
P2161 0.2655029892921448 805.94 1601.38 854.53 1589.25 862.01 1619.19 813.41 1631.32
P2161 0.09883617609739304 872.00 1432.78 904.82 1424.39 924.10 1499.79 891.28 1508.18
P2161 0.058227673172950745 914.98 1442.67 949.98 1434.77 967.59 1512.73 932.59 1520.64
P1425 0.5103039741516113 1787.92 956.91 1888.05 953.25 1892.42 1072.66 1792.29 1076.33
P1425 0.4073264002799988 3142.59 290.55 3329.99 447.87 3181.33 624.94 2993.94 467.62
P1425 0.06266867369413376 2504.36 526.96 2773.13 586.17 2741.08 731.65 2472.31 672.43
P1425 0.05729515478014946 4123.79 546.62 4204.51 602.85 4092.24 764.01 4011.52 707.78
P1425 0.05303839594125748 4153.63 832.78 4225.80 880.43 4116.02 1046.72 4043.85 999.08
P1425 0.05297819897532463 3776.20 658.24 3904.69 532.76 4013.94 644.63 3885.45 770.11
P1425 0.05296080932021141 4030.73 429.50 4197.29 269.29 4458.98 541.35 4292.43 701.56
P1422 0.9999169111251831 3415.66 1451.39 3508.22 1383.36 3636.67 1558.13 3544.12 1626.17
P1422 0.9998810291290283 3207.64 1610.07 3295.22 1545.71 3419.85 1715.31 3332.27 1779.67
P1422 0.9998794794082642 3316.19 1532.70 3405.10 1466.10 3529.17 1631.74 3440.25 1698.34
P1422 0.999879002571106 3628.77 1301.56 3720.41 1234.26 3845.85 1405.09 3754.20 1472.38
P1422 0.9998714923858643 3526.80 1377.19 3616.59 1313.02 3738.01 1482.88 3648.23 1547.06
P1422 0.9988388419151306 5145.43 163.70 5257.14 103.44 5361.72 297.29 5250.02 357.55
P1422 0.9983136653900146 5118.82 3934.94 5308.96 3833.42 5365.87 3940.03 5175.74 4041.54
P1422 0.774983823299408 3069.08 1422.28 3214.34 1558.12 3127.64 1650.85 2982.37 1515.00
P1422 0.7306946516036987 2535.45 65.62 2764.61 -39.81 2822.13 85.22 2592.97 190.65
P1422 0.5759220719337463 4200.97 252.07 4503.43 221.45 4540.89 591.39 4238.43 622.02
P1422 0.36772775650024414 4569.49 1212.33 4665.34 1145.95 4794.81 1332.93 4698.96 1399.30
P1422 0.3290579617023468 4103.49 505.02 4244.72 446.04 4338.01 669.43 4196.77 728.41
P1422 0.2872277498245239 3305.33 226.76 3370.98 162.84 3462.60 256.95 3396.94 320.87
P1422 0.23854604363441467 5381.81 559.16 5530.39 454.91 5615.59 576.34 5467.02 680.59
P1422 0.22250807285308838 1478.38 391.65 1767.58 239.18 1934.68 556.14 1645.49 708.61
P1422 0.15785081684589386 5361.16 2013.91 5428.53 1978.78 5507.69 2130.53 5440.32 2165.67
P1422 0.13479086756706238 5105.51 3062.76 5269.46 3208.02 5205.74 3279.94 5041.79 3134.68
P1422 0.12322621047496796 6541.58 3342.78 6711.16 3325.53 6724.19 3453.68 6554.61 3470.92
P1422 0.1209031492471695 2752.12 15.99 2824.34 -5.99 2858.48 106.20 2786.25 128.18
P1422 0.07396788150072098 2845.69 10.24 2985.83 -48.40 3013.57 17.91 2873.43 76.55
P1422 0.07198990136384964 3905.87 530.38 4057.89 449.30 4165.38 650.83 4013.36 731.92
P1422 0.06832659244537354 1038.06 1486.49 1253.90 1684.01 1189.38 1754.52 973.54 1557.00
P1422 0.06499610096216202 4923.84 469.23 5078.19 341.55 5426.36 762.43 5272.01 890.11
P1422 0.05522145330905914 2037.74 974.82 2146.31 1035.85 2072.62 1166.94 1964.05 1105.91
P1422 0.05079161375761032 3358.47 1871.09 3470.20 1816.61 3548.32 1976.83 3436.59 2031.31
P1681 0.08455165475606918 1857.95 3787.15 1882.88 3788.91 1879.59 3835.18 1854.67 3833.41
P2272 0.40901827812194824 382.70 488.89 394.92 477.64 420.17 505.09 407.94 516.34
P2272 0.3381248712539673 571.37 549.52 590.46 535.12 624.86 580.72 605.76 595.12
P2272 0.21398788690567017 1842.99 149.61 1865.44 141.02 1882.30 185.08 1859.84 193.67
P2272 0.2104281634092331 904.96 1984.01 929.73 1981.23 933.57 2015.42 908.80 2018.20
P2272 0.20011769235134125 1818.66 174.09 1844.72 163.65 1856.20 192.31 1830.15 202.74
P2272 0.1836949735879898 1123.95 612.50 1152.44 587.65 1167.45 604.85 1138.96 629.71
P2272 0.13877573609352112 2987.04 340.58 3045.20 330.99 3054.21 385.60 2996.04 395.19
P2272 0.09356797486543655 993.97 2206.30 1018.80 2205.87 1019.08 2222.02 994.25 2222.45
P2272 0.08760157972574234 1865.90 139.89 1883.57 134.38 1895.33 172.10 1877.65 177.61
P2272 0.0828009620308876 2996.57 472.24 3048.86 466.96 3057.73 554.92 3005.44 560.19
P2272 0.06154290959239006 882.25 1982.31 906.44 1979.00 912.10 2020.42 887.92 2023.73
P2336 0.3685363233089447 300.08 2814.64 361.41 2822.84 355.89 2864.16 294.56 2855.97
P2336 0.10288015753030777 2578.64 2895.95 2625.16 2876.58 2644.30 2922.55 2597.78 2941.92
P1378 0.8873950839042664 933.49 2150.18 987.67 2146.86 989.37 2174.69 935.19 2178.01
P1378 0.6209108233451843 1007.37 2432.93 1031.28 2431.25 1034.74 2480.54 1010.83 2482.22
P1378 0.25929129123687744 431.47 1597.15 461.78 1627.34 444.43 1644.76 414.13 1614.57
P1378 0.2274719476699829 446.45 1566.08 467.57 1587.06 445.20 1609.58 424.08 1588.60
P1378 0.07910887151956558 468.16 1577.27 486.50 1564.88 508.47 1597.38 490.13 1609.77
P1378 0.06384043395519257 2595.82 3952.74 2632.94 3985.75 2602.09 4020.44 2564.97 3987.43
P1378 0.05495781451463699 808.17 2179.99 829.83 2159.69 868.80 2201.25 847.15 2221.56
P1855 0.9618691205978394 2425.26 141.19 2515.36 75.57 2557.30 133.16 2467.20 198.78
P1855 0.6316847801208496 1629.31 1782.00 2003.53 1619.50 2082.93 1802.36 1708.71 1964.85
P1855 0.34434473514556885 2461.95 203.35 2567.59 130.11 2623.66 210.98 2518.02 284.22
P1855 0.15772154927253723 1324.14 1931.36 1689.80 1762.73 1774.04 1945.41 1408.38 2114.04
P1855 0.12106656283140182 -96.31 1471.60 686.41 1226.10 825.86 1670.69 43.14 1916.20
P1855 0.11254562437534332 1411.03 2481.61 1540.14 2422.08 1655.11 2671.41 1526.01 2730.94
P1855 0.0754428505897522 2374.36 35.92 2566.33 -68.01 2616.09 23.91 2424.13 127.84
P1383 0.15480825304985046 503.54 186.66 531.96 162.96 548.92 183.31 520.50 207.00
P1383 0.0843169316649437 1043.67 849.80 1127.40 795.46 1151.96 833.30 1068.23 887.64
P1383 0.07845515012741089 1923.89 773.75 1988.07 744.20 2048.36 875.16 1984.18 904.71
P0137 0.5176587700843811 4590.92 2915.42 4621.30 2935.00 4609.55 2953.23 4579.17 2933.64
P0137 0.3142939507961273 4636.29 2942.24 4673.37 2962.85 4659.30 2988.18 4622.21 2967.57
P2762 0.69163978099823 5815.07 224.12 5861.60 194.10 5878.02 219.54 5831.49 249.56
P2762 0.26903802156448364 3815.87 4315.58 3845.26 4290.09 3858.77 4305.67 3829.38 4331.16
P2762 0.14035183191299438 1272.48 1162.96 1287.86 1152.35 1310.56 1185.27 1295.17 1195.87
P1847 0.07548239827156067 458.78 1071.00 595.41 1131.30 566.73 1196.28 430.10 1135.98
P1270 0.9925447106361389 2831.85 458.95 2862.41 477.84 2851.76 495.07 2821.20 476.18
P1270 0.9915096759796143 2819.99 478.07 2851.53 497.59 2840.31 515.72 2808.77 496.20
P1270 0.7193934917449951 3159.67 915.31 3191.24 937.37 3179.32 954.42 3147.75 932.36
P1270 0.6409240961074829 3147.53 932.91 3178.86 954.00 3167.27 971.21 3135.94 950.12
P1270 0.3137206435203552 1513.00 1946.17 1542.04 1963.42 1528.69 1985.89 1499.65 1968.64
P1270 0.23733453452587128 2177.65 1572.69 2212.19 1592.15 2201.24 1611.58 2166.70 1592.13
P1270 0.16948209702968597 1447.21 1969.13 1472.51 1982.20 1466.36 1994.11 1441.06 1981.04
P1348 0.07165791839361191 3199.87 545.33 3227.28 537.03 3241.81 585.02 3214.40 593.32
P1348 0.06660594791173935 1534.86 794.25 1556.54 787.59 1567.64 823.70 1545.96 830.36
P2765 0.42107680439949036 64.82 2683.39 162.76 2669.16 191.80 2869.02 93.86 2883.26
P2765 0.3446718454360962 3696.96 2259.32 3788.02 2268.42 3768.09 2467.90 3677.03 2458.80
P0773 0.05795877054333687 1489.32 333.62 1547.80 310.87 1609.88 470.48 1551.40 493.23
P1553 0.11581577360630035 1389.09 2942.74 1431.57 2931.50 1438.28 2956.89 1395.80 2968.12
P2340 0.45495373010635376 748.74 1591.80 784.82 1611.86 773.07 1632.99 736.99 1612.93
P2340 0.3503800630569458 1182.68 2010.75 1204.41 2003.16 1221.23 2051.28 1199.51 2058.87
P2340 0.19555094838142395 659.75 720.90 680.62 728.59 666.27 767.54 645.40 759.85
P2340 0.08332134038209915 1204.72 1865.75 1245.17 1873.38 1240.71 1897.03 1200.26 1889.40
P2340 0.060489337891340256 1254.41 1913.66 1295.50 1942.91 1281.16 1963.06 1240.06 1933.81
P2338 0.4635218381881714 566.89 2411.49 593.54 2414.82 588.97 2451.36 562.33 2448.03
P2338 0.20181894302368164 178.13 2846.81 230.45 2883.65 168.12 2972.19 115.80 2935.35
P2338 0.18088588118553162 592.70 2409.19 627.50 2412.13 623.91 2454.57 589.11 2451.63
P2338 0.1016429215669632 2957.01 2466.41 2994.64 2452.20 3006.39 2483.31 2968.75 2497.52
P2338 0.09364714473485947 2873.39 2019.62 2945.89 2046.63 2929.11 2091.67 2856.61 2064.65
P2338 0.06330706924200058 218.74 2785.23 257.51 2801.29 239.01 2845.98 200.23 2829.93
P1248 0.9927707314491272 964.25 3620.94 986.83 3622.55 984.22 3659.25 961.64 3657.64
P1248 0.9924659729003906 984.40 3622.35 1005.83 3623.26 1004.28 3659.45 982.86 3658.54
P1248 0.9920239448547363 942.16 3620.30 964.79 3621.05 963.57 3657.96 940.94 3657.21
P1248 0.9901992678642273 2918.05 3613.66 2939.68 3608.57 2948.50 3646.00 2926.87 3651.10
P1248 0.9893771409988403 3754.24 2761.24 3777.16 2756.69 3784.88 2795.65 3761.96 2800.19
P1248 0.9874512553215027 3731.49 2765.28 3753.40 2760.69 3761.59 2799.73 3739.68 2804.32
P1248 0.9862017035484314 2939.99 3608.12 2961.46 3603.19 2970.13 3640.91 2948.65 3645.84
P1248 0.9479624629020691 961.63 3661.46 983.56 3661.85 982.90 3698.29 960.97 3697.89
P1248 0.9437044858932495 942.43 3660.92 961.97 3661.71 960.51 3697.69 940.98 3696.90
P1248 0.9360135793685913 3476.07 889.94 3502.05 886.62 3507.27 927.50 3481.29 930.82
P1248 0.906976580619812 3755.28 3217.78 3811.16 3213.38 3813.10 3238.07 3757.23 3242.47
P1248 0.857017457485199 983.27 3664.30 1004.03 3664.39 1003.89 3697.48 983.13 3697.40
P1248 0.8264055252075195 2794.38 2621.62 2817.49 2619.07 2821.99 2659.83 2798.88 2662.38
P1248 0.795181930065155 2801.56 2670.64 2822.78 2667.36 2828.62 2705.10 2807.41 2708.39
P1248 0.6479111313819885 678.15 970.32 698.84 970.39 698.70 1013.11 678.01 1013.04
P1248 0.6394000053405762 1020.11 230.93 1046.22 233.26 1042.39 276.10 1016.27 273.77
P1248 0.5066330432891846 3722.39 2740.78 3767.28 2732.09 3771.83 2755.63 3726.95 2764.32
P1248 0.4909653663635254 2789.46 2588.29 2812.51 2585.35 2817.21 2622.21 2794.15 2625.14
P1248 0.273076593875885 635.76 978.06 672.06 976.36 673.81 1013.88 637.52 1015.57
P1248 0.11756172776222229 2657.74 3278.04 2697.69 3284.59 2694.22 3305.72 2654.27 3299.17
P1331 0.11586727201938629 3683.39 2680.79 3716.22 2673.21 3722.62 2700.95 3689.79 2708.52
P1331 0.07753393799066544 3629.74 2757.46 3669.88 2742.11 3678.05 2763.48 3637.91 2778.83
P1331 0.07102355360984802 3729.81 2691.30 3766.80 2685.03 3771.59 2713.24 3734.59 2719.52
P1331 0.057185906916856766 3677.17 2638.62 3710.30 2633.68 3714.16 2659.61 3681.03 2664.55
P1183 0.19747067987918854 1513.78 374.22 1580.90 333.77 1631.17 417.19 1564.06 457.64
P1183 0.0634090006351471 1409.93 1418.52 1449.69 1392.73 1487.35 1450.81 1447.59 1476.59
P1254 0.24537056684494019 512.92 1584.68 530.60 1585.75 527.87 1630.56 510.20 1629.48
P1254 0.10626905411481857 3703.29 10.45 3724.15 6.67 3730.59 42.28 3709.73 46.05
P1254 0.07149621844291687 3657.59 23.51 3679.27 18.51 3687.79 55.45 3666.11 60.45
P1254 0.07026946544647217 3683.07 15.26 3703.69 10.76 3711.91 48.41 3691.29 52.91
P1254 0.06605231016874313 1759.81 1240.16 1799.07 1272.19 1781.04 1294.29 1741.78 1262.26
P0048 0.15886081755161285 950.93 1899.93 1136.95 1789.51 1178.53 1859.55 992.51 1969.97
P0048 0.08286955952644348 439.68 679.83 515.46 751.38 479.21 789.77 403.43 718.23
P0048 0.0818236693739891 893.60 1784.12 1065.64 1683.59 1125.01 1785.19 952.96 1885.72
P1227 0.964641809463501 1960.43 3031.02 1979.77 3035.71 1970.90 3072.31 1951.56 3067.62
P1227 0.0672793984413147 1946.66 3068.97 1976.18 3075.63 1972.88 3090.27 1943.36 3083.62
P2711 0.9919922947883606 531.57 605.66 579.80 596.60 585.82 628.66 537.60 637.72
P2723 0.1923595368862152 3988.80 1754.77 4011.90 1757.23 4007.92 1794.67 3984.82 1792.21
P2723 0.10386998951435089 3958.84 1755.28 3981.53 1756.38 3979.57 1796.72 3956.88 1795.62
P2723 0.0660044401884079 37.47 719.93 61.30 734.00 55.24 744.27 31.40 730.20
P1424 0.49268797039985657 2885.45 -49.86 2990.55 45.98 2881.27 165.82 2776.17 69.98
P1424 0.3739887773990631 1876.11 206.88 2075.98 233.17 2037.35 526.80 1837.48 500.50
P1424 0.23036238551139832 5369.05 482.87 5510.73 458.90 5557.37 734.58 5415.69 758.54
P1424 0.18551002442836761 2258.73 1757.06 2327.25 1798.33 2258.81 1911.98 2190.28 1870.71
P1424 0.11682601273059845 3649.31 889.76 3823.33 878.79 3831.63 1010.60 3657.61 1021.56
P1424 0.06912394613027573 4517.56 1167.58 4809.59 1282.87 4747.55 1440.05 4455.51 1324.76
P1424 0.060668352991342545 5556.12 1408.18 5704.85 1333.63 5766.37 1456.36 5617.64 1530.90
P1124 0.14364559948444366 2140.09 3435.94 2247.87 3392.74 2311.78 3552.18 2204.00 3595.38
P1124 0.11212357878684998 1627.55 522.22 1798.52 495.91 1820.40 638.11 1649.43 664.42
P1124 0.06212335079908371 3054.08 3020.75 3256.27 2986.13 3276.47 3104.13 3074.28 3138.74
P1124 0.05472688004374504 2773.19 2905.77 3119.21 2791.85 3179.80 2975.87 2833.78 3089.80
P0051 0.9762668609619141 1272.53 1149.21 1409.66 1099.50 1439.91 1182.94 1302.78 1232.65
P0051 0.9582740068435669 1127.31 1199.36 1274.83 1143.98 1305.23 1224.98 1157.71 1280.36
P0051 0.7427147626876831 569.33 2758.67 645.83 2732.29 692.74 2868.34 616.24 2894.72
P0051 0.6794130802154541 515.66 2616.18 596.24 2588.03 644.99 2727.59 564.41 2755.74
P0051 0.6212366819381714 2607.34 1233.52 2759.31 1177.53 2786.77 1252.05 2634.79 1308.04
P0051 0.3817964196205139 2570.66 1129.14 2719.23 1077.82 2751.95 1172.55 2603.38 1223.87
P0051 0.25256896018981934 2020.46 4420.43 2186.05 4352.57 2342.29 4733.80 2176.71 4801.66
P0051 0.14478033781051636 1233.43 3047.48 1378.02 2992.23 1418.87 3099.13 1274.27 3154.38
P0051 0.13819172978401184 973.16 1545.94 1136.18 1483.53 1160.94 1548.21 997.92 1610.63
P0051 0.12838147580623627 490.46 2299.36 527.79 2308.99 499.97 2416.78 462.64 2407.15
P0051 0.12473532557487488 2779.23 3154.20 2983.50 3081.48 3084.31 3364.60 2880.03 3437.33
P0051 0.11241862922906876 3353.54 1269.15 3373.52 1262.01 3385.88 1296.61 3365.90 1303.75
P0051 0.11111222952604294 4263.68 3039.52 4307.44 3025.42 4345.39 3143.20 4301.63 3157.30
P0051 0.08729027211666107 4201.82 3056.68 4242.38 3041.03 4283.78 3148.31 4243.22 3163.96
P0051 0.08081042021512985 3382.57 3395.75 3977.87 3160.57 4076.63 3410.56 3481.33 3645.74
P0051 0.07778412848711014 3796.42 2976.57 3871.65 2951.40 3917.71 3089.08 3842.48 3114.25
P2376 0.08811265230178833 758.90 2080.83 796.58 2095.84 788.04 2117.29 750.35 2102.28
P1202 0.9879190325737 1020.30 532.61 1038.54 520.77 1059.07 552.38 1040.83 564.23
P1202 0.2181880623102188 1038.69 523.12 1049.48 515.81 1069.29 545.04 1058.50 552.35
P1202 0.15009555220603943 3199.16 3586.68 3220.03 3579.57 3228.40 3604.14 3207.52 3611.24
P2555 0.34052950143814087 2091.93 3126.51 2120.69 3124.51 2125.86 3198.93 2097.11 3200.93
P1436 0.9996315240859985 2024.08 3587.23 2069.57 3587.47 2069.14 3667.64 2023.65 3667.40
P1436 0.996812641620636 1970.21 3583.38 2014.68 3583.25 2014.92 3668.35 1970.46 3668.48
P1436 0.9570191502571106 1965.10 3479.67 2021.87 3476.03 2027.54 3564.21 1970.76 3567.86
P1436 0.32312333583831787 1879.02 3602.74 1904.47 3601.49 1906.99 3653.00 1881.55 3654.25
P1436 0.28668999671936035 2074.41 3602.30 2096.58 3601.67 2097.94 3649.80 2075.77 3650.42
P1436 0.27418196201324463 4729.93 3691.22 4769.59 3681.69 4790.51 3768.79 4750.86 3778.31
P1436 0.1283547580242157 1940.90 3594.02 1965.02 3594.05 1964.97 3643.78 1940.84 3643.76
P1436 0.11931810528039932 2391.56 2180.75 2460.07 2232.29 2427.66 2275.36 2359.16 2223.82
P1436 0.11849339306354523 4373.70 4089.92 4426.16 4073.55 4457.81 4174.96 4405.36 4191.33
P1436 0.09197602421045303 2540.58 2033.75 2628.02 2109.67 2468.83 2293.02 2381.39 2217.10
P1436 0.08190612494945526 3075.49 4901.96 3179.12 4858.53 3235.84 4993.85 3132.21 5037.29
P1436 0.05221891030669212 4472.66 1849.90 4509.45 1845.40 4517.71 1912.96 4480.93 1917.46
P1796 0.07018330693244934 3040.18 5188.78 3202.76 5198.74 3197.79 5279.79 3035.22 5269.83
P0132 0.9996762275695801 843.12 640.56 1018.46 644.99 1015.85 748.38 840.51 743.95
P0132 0.9996695518493652 848.03 394.95 1031.21 402.59 1026.89 505.91 843.71 498.27
P0132 0.9996448755264282 617.08 631.71 794.08 634.20 792.56 741.92 615.56 739.43
P0132 0.9995976090431213 852.94 271.17 1034.12 277.16 1030.61 383.46 849.42 377.48
P0132 0.9995203018188477 844.75 521.24 1023.35 524.10 1021.95 611.45 843.36 608.59
P0132 0.9994951486587524 625.77 385.80 806.29 389.97 803.84 495.90 623.32 491.72
P0132 0.9993410706520081 622.33 509.35 800.37 517.18 796.07 614.94 618.03 607.11
P0132 0.9991365075111389 630.17 267.43 808.65 272.65 805.62 376.43 627.13 371.20
P1244 0.8100178241729736 2554.42 2246.25 2570.50 2233.05 2596.09 2264.22 2580.01 2277.42
P1244 0.729712963104248 2711.67 2791.28 2733.39 2796.20 2724.58 2835.14 2702.85 2830.22
P1244 0.6030091643333435 3813.12 1844.13 3832.39 1838.90 3843.79 1880.90 3824.52 1886.12
P1244 0.5596423745155334 4103.18 1794.16 4121.89 1788.57 4133.17 1826.29 4114.46 1831.88
P1244 0.45919495820999146 3781.41 1851.20 3805.88 1844.55 3817.99 1889.12 3793.52 1895.77
P1244 0.37806829810142517 751.14 1959.34 787.77 1971.73 782.02 1988.75 745.39 1976.36
P1244 0.32937559485435486 3010.33 2226.35 3030.78 2220.38 3044.04 2265.86 3023.58 2271.82
P1244 0.2823966145515442 3572.58 343.08 3588.59 328.49 3622.72 365.92 3606.70 380.51
P1244 0.24629144370555878 3332.20 1824.97 3364.69 1816.40 3373.11 1848.30 3340.62 1856.87
P1244 0.17813998460769653 2969.49 2245.58 2989.63 2238.02 3004.65 2278.05 2984.52 2285.61
P1244 0.16341474652290344 4513.32 3427.20 4548.11 3420.30 4551.54 3437.59 4516.75 3444.49
P1244 0.15951010584831238 3783.89 2008.13 3805.16 2000.43 3817.87 2035.56 3796.60 2043.25
P1244 0.14182694256305695 1528.10 825.06 1563.02 813.71 1569.38 833.27 1534.46 844.62
P1244 0.08604202419519424 2844.01 1777.62 2861.74 1767.12 2881.32 1800.21 2863.59 1810.71
P1379 0.9781184792518616 3588.71 3451.33 3659.40 3494.49 3583.70 3618.48 3513.01 3575.32
P1379 0.9739702343940735 1391.21 3940.25 1457.86 3984.31 1362.79 4128.12 1296.14 4084.06
P1379 0.9609851837158203 1121.46 3439.70 1276.32 3292.94 1340.38 3360.53 1185.51 3507.29
P1379 0.7896688580513 2802.09 3952.26 2866.91 3988.41 2798.03 4111.93 2733.20 4075.79
P1379 0.40103456377983093 921.25 3528.32 1068.53 3646.63 1002.60 3728.69 855.33 3610.38
P1379 0.37181946635246277 3515.19 3411.23 3572.95 3447.99 3496.40 3568.27 3438.64 3531.51
P1379 0.3312055170536041 1913.20 146.52 2030.29 96.10 2057.50 159.28 1940.42 209.70
P1379 0.2945858836174011 3040.98 2529.82 3292.69 2740.45 3157.04 2902.56 2905.33 2691.93
P1379 0.10408569127321243 2715.92 1679.57 2857.06 1775.88 2793.10 1869.61 2651.96 1773.30
P1379 0.06679654866456985 470.37 1396.13 706.63 1238.29 785.69 1356.63 549.42 1514.47
P1379 0.06111869588494301 610.87 2075.66 817.00 2168.92 767.45 2278.43 561.32 2185.17
P1379 0.053568173199892044 2744.84 2500.11 2875.79 2371.89 2955.69 2453.50 2824.75 2581.72
P1379 0.052268583327531815 3016.03 1580.56 3124.85 1640.51 2986.59 1891.49 2877.77 1831.55
P2510 0.06457728892564774 873.37 801.31 889.79 793.60 908.57 833.59 892.16 841.30
P1123 0.12317437678575516 4628.76 2183.97 4903.15 2166.03 4912.79 2313.36 4638.40 2331.30
P1123 0.05890920013189316 3884.56 2093.90 4183.01 2041.29 4213.83 2216.11 3915.37 2268.72
P2263 0.9993969202041626 496.91 457.01 525.88 430.50 565.79 474.12 536.82 500.63
P1468 0.9999712705612183 2668.64 6681.93 2882.68 6685.03 2880.99 6801.28 2666.96 6798.18
P1468 0.9999610185623169 2663.80 6801.63 2878.32 6806.42 2875.84 6917.77 2661.31 6912.98
P1468 0.9999569654464722 800.85 7516.00 997.76 7504.35 1004.87 7624.50 807.96 7636.15
P1468 0.9999227523803711 2673.00 6565.13 2881.47 6567.45 2880.26 6675.84 2671.79 6673.52
P1468 0.9998924732208252 481.71 7539.18 672.30 7525.91 680.35 7641.64 489.77 7654.91
P1468 0.9997416138648987 902.90 2754.06 1034.03 2755.18 1032.22 2968.93 901.08 2967.81
P1468 0.9996896982192993 789.58 2763.53 897.47 2761.14 902.11 2970.05 794.22 2972.44
P1468 0.8067561984062195 1743.43 802.45 1898.02 791.30 1902.75 856.82 1748.16 867.98
P1468 0.6425709128379822 2686.57 6916.25 2884.70 6924.75 2881.05 7009.88 2682.91 7001.37
P1468 0.3132840394973755 2722.43 216.23 2856.33 332.23 2768.22 433.93 2634.33 317.93
P1468 0.1747162789106369 2556.19 6408.23 2658.37 6429.72 2609.77 6660.78 2507.59 6639.28
P1468 0.14446289837360382 1036.96 2819.97 1080.71 2818.74 1083.26 2909.14 1039.51 2910.38
P1468 0.06237522512674332 727.27 2821.82 773.81 2821.06 775.30 2912.37 728.77 2913.13
P1468 0.05493118613958359 309.82 3561.54 446.61 3557.09 455.82 3840.36 319.02 3844.80
P1548 0.4853188097476959 2981.46 671.34 3053.98 651.65 3065.75 694.98 2993.23 714.67
P1548 0.06016964837908745 2920.43 692.80 2979.65 678.40 2986.87 708.10 2927.65 722.50
P2386 0.087937131524086 2149.42 1767.73 2168.41 1772.93 2157.90 1811.34 2138.90 1806.14
P1447 0.9995706677436829 418.99 1258.13 476.40 1254.30 482.78 1350.06 425.38 1353.89
P1447 0.9992953538894653 418.51 1142.05 475.88 1142.63 474.93 1235.56 417.55 1234.97
P1447 0.9992892742156982 432.06 1377.67 485.20 1374.85 490.07 1466.69 436.93 1469.51
P1447 0.9864387512207031 389.33 2134.39 454.92 2136.13 452.44 2229.36 386.86 2227.62
P1447 0.7605629563331604 636.17 1035.86 672.05 1035.04 673.54 1100.36 637.67 1101.18
P1447 0.7374870777130127 323.42 2138.50 387.50 2137.48 388.91 2225.49 324.83 2226.51
P1447 0.7106353044509888 500.29 1012.78 538.86 1012.72 539.00 1095.05 500.43 1095.12
P1447 0.6407788395881653 370.86 1386.70 407.29 1386.77 407.15 1460.64 370.71 1460.57
P1447 0.6307756900787354 703.50 1018.76 739.15 1018.62 739.47 1101.87 703.83 1102.01
P1447 0.5960537791252136 564.64 1012.75 620.52 1012.59 620.79 1101.74 564.90 1101.90
P1447 0.5064363479614258 354.16 1258.33 398.67 1255.47 403.08 1324.12 358.57 1326.98
P1447 0.3705907166004181 637.06 1151.12 676.11 1150.90 676.60 1237.56 637.54 1237.78
P1447 0.34953728318214417 499.52 1148.75 537.88 1149.20 536.92 1231.29 498.56 1230.84
P1447 0.29504185914993286 704.78 1152.03 743.88 1152.25 743.38 1240.19 704.28 1239.97
P1447 0.21074168384075165 569.70 1154.06 611.68 1154.52 610.88 1228.44 568.90 1227.99
P1447 0.16877780854701996 767.61 1151.97 807.59 1151.97 807.59 1235.93 767.61 1235.93
P1447 0.16688181459903717 514.89 2146.10 582.55 2146.01 582.65 2227.21 515.00 2227.30
P1447 0.1448262333869934 831.75 1150.69 869.48 1151.15 868.43 1238.73 830.70 1238.28
P1447 0.05941491574048996 466.30 2250.83 632.30 2244.97 636.05 2351.20 470.05 2357.06
P1362 0.9373947978019714 825.90 1609.22 844.85 1605.36 851.52 1638.06 832.57 1641.93
P1362 0.912390947341919 800.09 1614.32 820.26 1609.13 828.61 1641.60 808.43 1646.78
P1362 0.8726511001586914 442.61 2464.77 482.49 2443.14 491.52 2459.79 451.64 2481.42
P1362 0.18971437215805054 448.29 2482.31 483.73 2463.06 491.97 2478.22 456.53 2497.47
P1362 0.09944755584001541 437.85 2449.11 476.39 2428.71 483.52 2442.17 444.97 2462.57
P1362 0.05770936608314514 1805.29 3729.11 1842.24 3709.98 1855.08 3734.78 1818.12 3753.90
P2773 0.09080938249826431 1377.79 2874.13 1415.66 2864.69 1432.51 2932.25 1394.64 2941.69
P2773 0.0635354146361351 3006.12 3066.83 3093.22 3074.21 3089.52 3117.83 3002.43 3110.45
P2752 0.999698281288147 2281.90 927.21 2340.66 924.18 2346.11 1029.94 2287.34 1032.97
P2752 0.9996585845947266 2206.78 930.47 2269.73 929.30 2271.74 1037.31 2208.79 1038.48
P2752 0.9993909597396851 840.18 1074.08 900.71 1071.75 904.77 1177.30 844.24 1179.63
P2752 0.9969927072525024 2136.23 936.33 2193.37 934.38 2196.50 1026.40 2139.36 1028.35
P2752 0.98760986328125 845.22 1193.40 903.29 1191.82 906.17 1298.03 848.10 1299.61
P2752 0.9873934984207153 1961.59 897.05 2005.77 896.03 2007.61 976.38 1963.43 977.39
P2752 0.9169365763664246 2367.09 929.89 2402.92 928.56 2405.72 1003.77 2369.88 1005.11
P2752 0.9145967960357666 2049.53 903.41 2121.91 903.29 2122.13 1043.07 2049.76 1043.18
P2752 0.43154338002204895 2425.00 926.66 2458.89 924.89 2462.32 990.56 2428.44 992.33
P2752 0.3893565833568573 2476.33 914.33 2509.59 913.29 2511.82 984.73 2478.56 985.77
P2752 0.31757426261901855 2097.77 1187.71 2158.38 1182.40 2161.57 1218.85 2100.96 1224.16
P2752 0.2594456672668457 896.59 1100.84 926.40 1098.70 930.70 1158.63 900.90 1160.77
P2752 0.13809844851493835 2104.64 1232.58 2172.16 1228.04 2173.80 1252.48 2106.28 1257.02
P2752 0.07095899432897568 2089.68 1150.48 2165.96 1144.45 2168.25 1173.43 2091.97 1179.47
P2752 0.052794281393289566 659.18 859.80 726.76 855.18 732.89 944.82 665.31 949.44
P2451 0.0636715218424797 707.58 1928.65 730.84 1935.13 720.36 1972.72 697.11 1966.24
P1504 0.09924281388521194 669.25 4454.28 705.90 4449.78 713.67 4513.09 677.01 4517.58
P1163 0.32588112354278564 3501.00 4875.73 3583.91 4873.35 3586.34 4957.87 3503.42 4960.25
P1163 0.0609428733587265 3536.98 5101.71 3640.01 5109.61 3630.14 5238.21 3527.12 5230.31
P1163 0.05688970163464546 3984.05 4890.41 4143.41 4893.86 4137.32 5174.46 3977.96 5171.00
P1363 0.893004298210144 2202.49 794.32 2222.21 789.14 2231.15 823.21 2211.43 828.38
P1363 0.5102261900901794 2180.66 799.41 2201.43 793.56 2211.88 830.67 2191.11 836.52
P1363 0.46441030502319336 3921.36 3616.94 3938.14 3624.55 3922.97 3658.02 3906.19 3650.42
P1363 0.29882556200027466 879.28 56.73 909.80 51.00 917.41 91.51 886.89 97.25
P1363 0.15184764564037323 345.67 2456.35 379.63 2478.32 371.17 2491.39 337.21 2469.42
P1363 0.14962716400623322 2066.06 3807.58 2094.20 3830.51 2081.14 3846.54 2052.99 3823.62
P1363 0.12215626984834671 2436.54 3270.75 2474.27 3297.55 2459.91 3317.78 2422.17 3290.97
P2647 0.7171472907066345 321.95 1365.48 424.55 1366.45 422.15 1620.38 319.55 1619.42
P2647 0.6008705496788025 308.18 690.74 410.82 690.99 410.14 961.61 307.51 961.35
P2647 0.5637272596359253 449.39 1661.56 555.75 1662.46 553.87 1885.58 447.51 1884.68
P2647 0.46830302476882935 323.78 1660.42 419.32 1660.96 417.93 1903.64 322.39 1903.10
P2647 0.3603385090827942 449.56 1397.90 556.14 1399.25 553.11 1639.14 446.53 1637.80
P2647 0.3387225270271301 339.88 411.27 475.35 414.20 468.39 736.37 332.92 733.44
P2647 0.11494725942611694 320.17 1125.95 426.62 1126.08 426.35 1340.84 319.91 1340.71
P2647 0.08232273161411285 1690.50 406.51 1771.83 404.60 1775.27 551.21 1693.94 553.12
P2647 0.05220828205347061 1930.06 2023.00 2044.65 2005.64 2073.87 2198.54 1959.28 2215.89
P2647 0.05076910927891731 874.28 2219.70 1049.00 2198.56 1066.79 2345.55 892.07 2366.69
P1764 0.5317333340644836 2993.56 3864.01 3021.50 3869.05 3015.00 3905.06 2987.05 3900.02
P1764 0.11060357093811035 3908.80 3042.51 3936.63 3047.56 3930.24 3082.78 3902.41 3077.73
P1764 0.0734398141503334 2986.48 4769.50 3008.90 4759.58 3028.61 4804.11 3006.20 4814.04
P1764 0.07111698389053345 3944.64 3011.94 3974.38 3017.44 3964.47 3070.96 3934.74 3065.46
P1764 0.051136136054992676 2959.58 4720.95 3021.15 4697.92 3032.77 4729.00 2971.20 4752.03
P2292 0.889992356300354 1183.30 474.19 1200.29 464.35 1217.07 493.34 1200.09 503.18
P2292 0.22230368852615356 1202.63 463.44 1218.47 455.99 1233.04 486.93 1217.20 494.38
P2292 0.09424538910388947 1157.59 503.43 1169.83 497.12 1180.92 518.65 1168.67 524.95
P2292 0.08989386260509491 1138.64 510.29 1152.11 503.39 1165.04 528.62 1151.57 535.53
P1590 0.07011818140745163 3790.67 2048.98 3811.89 2049.35 3811.25 2086.11 3790.03 2085.74
P2431 0.0991085022687912 1045.77 815.05 1065.91 808.12 1077.78 842.59 1057.63 849.52
P1145 0.41658297181129456 753.79 2054.61 931.39 2030.78 955.97 2213.97 778.37 2237.80
P1145 0.18233580887317657 1399.97 1654.10 1503.90 1661.54 1490.51 1848.67 1386.58 1841.23
P1145 0.17768660187721252 -0.39 2855.78 267.04 2974.88 225.84 3067.38 -41.58 2948.28
P1145 0.16273905336856842 482.43 1667.50 599.61 1573.53 721.48 1725.50 604.29 1819.47
P1145 0.15683236718177795 1454.18 1637.28 1582.14 1565.78 1678.46 1738.17 1550.50 1809.67
P1145 0.10062316060066223 880.57 3606.95 1049.60 3766.14 962.29 3858.84 793.27 3699.66
P1145 0.09979012608528137 77.71 1014.53 178.01 934.89 291.48 1077.81 191.18 1157.45
P1145 0.07916045188903809 980.12 2355.09 1102.90 2294.96 1184.68 2461.93 1061.90 2522.06
P1145 0.06480780243873596 333.69 3288.77 556.79 3141.91 629.74 3252.73 406.64 3399.59
P1145 0.051775164902210236 880.65 1026.70 1036.92 930.54 1105.79 1042.47 949.51 1138.63
P1448 0.9999504089355469 4198.32 4657.31 4315.71 4657.39 4315.58 4858.00 4198.19 4857.92
P1448 0.9998961687088013 65.44 4226.57 160.21 4176.40 253.34 4352.30 158.57 4402.48
P1448 0.9998753070831299 5825.71 4139.74 6029.27 4140.67 6028.77 4250.59 5825.21 4249.65
P1448 0.9998680353164673 4320.51 4663.26 4434.25 4662.01 4436.39 4855.82 4322.65 4857.07
P1448 0.9998327493667603 163.45 4166.85 271.01 4112.51 366.10 4300.73 258.54 4355.07
P1448 0.9997785687446594 5824.21 4015.29 6035.72 4014.51 6036.18 4139.20 5824.66 4139.97
P1448 0.9997103810310364 5818.96 4260.69 6029.28 4258.91 6030.19 4366.09 5819.86 4367.87
P1448 0.9996318817138672 729.80 1011.55 829.80 1088.28 697.02 1261.34 597.01 1184.61
P1448 0.9994344115257263 1028.81 1229.87 1131.63 1303.71 998.68 1488.86 895.85 1415.02
P1448 0.9993152618408203 620.89 937.97 725.59 1021.83 591.38 1189.38 486.68 1105.52
P1448 0.9992189407348633 -40.76 4276.71 62.96 4228.69 147.81 4411.99 44.09 4460.01
P1448 0.9989835619926453 828.95 1082.50 930.43 1156.55 796.58 1339.96 695.11 1265.90
P1448 0.9987608194351196 5810.38 4370.92 6035.98 4370.40 6036.25 4485.81 5810.65 4486.33
P1448 0.9980047345161438 928.74 1158.86 1031.54 1233.17 902.84 1411.23 800.03 1336.92
P1448 0.9973662495613098 5528.43 4677.84 5730.49 4665.13 5737.90 4782.90 5535.84 4795.61
P1448 0.9944608211517334 688.24 1275.48 789.80 1348.19 674.61 1509.08 573.05 1436.37
P1448 0.9921327233314514 1130.72 1305.13 1229.52 1378.59 1102.17 1549.86 1003.38 1476.39
P1448 0.9914183616638184 3946.11 4663.55 4057.38 4657.99 4066.82 4847.27 3955.55 4852.82
P1448 0.9901472926139832 4072.87 4661.41 4194.20 4658.81 4198.54 4860.70 4077.21 4863.31
P1448 0.9564370512962341 994.86 1497.28 1079.58 1558.29 969.82 1710.71 885.10 1649.70
P1448 0.9303719997406006 581.30 1194.61 688.80 1274.18 565.96 1440.15 458.46 1360.59
P1448 0.9211635589599609 5770.70 4672.90 5955.52 4673.48 5955.17 4786.73 5770.35 4786.16
P1448 0.8538889288902283 789.78 1343.08 892.21 1416.25 777.93 1576.22 675.50 1503.05
P1448 0.7897402048110962 906.70 1404.35 999.42 1474.59 874.08 1640.03 781.37 1569.79
P1448 0.591444194316864 1624.06 5507.72 1766.67 5488.18 1790.09 5659.09 1647.48 5678.63
P1448 0.5715348124504089 6885.59 1691.31 6979.64 1692.61 6975.90 1963.36 6881.84 1962.06
P1448 0.3774174451828003 6119.18 1163.88 6218.10 1159.75 6229.93 1443.79 6131.02 1447.92
P1448 0.3225112557411194 6291.07 1564.52 6454.60 1556.35 6471.09 1886.38 6307.57 1894.55
P1448 0.27300283312797546 5150.93 3904.89 5620.22 3895.98 5626.66 4235.05 5157.37 4243.96
P1448 0.19702287018299103 5423.62 3601.59 5659.79 3614.50 5650.06 3792.48 5413.89 3779.57
P1448 0.1925981342792511 6424.16 1499.24 6827.05 1511.93 6809.56 2067.07 6406.67 2054.38
P1448 0.13228380680084229 638.87 889.37 1271.26 1369.30 963.39 1774.98 331.00 1295.06
P1448 0.12099990248680115 4733.38 4362.81 4893.98 4371.71 4887.65 4485.96 4727.05 4477.06
P1448 0.10322060436010361 6154.69 2005.23 6237.82 2077.43 6157.29 2170.14 6074.17 2097.93
P1448 0.08427176624536514 1206.38 1649.69 1517.82 1869.70 1418.91 2009.70 1107.48 1789.68
P1448 0.05737863481044769 5674.87 3990.30 5774.39 4002.66 5742.90 4256.19 5643.37 4243.83
P1448 0.05489097163081169 6344.62 1312.91 6613.48 1352.22 6572.75 1630.90 6303.89 1591.59
P1448 0.05311022698879242 1719.29 1885.28 1802.47 1953.78 1690.69 2089.50 1607.52 2021.00
P1448 0.052663885056972504 6528.42 1343.93 6799.33 1333.11 6804.33 1458.20 6533.42 1469.02
P1448 0.05026894435286522 4923.76 5151.89 5132.82 5153.34 5132.01 5271.09 4922.95 5269.65
P1261 0.9280238747596741 3825.32 699.78 3841.57 686.01 3867.30 716.34 3851.06 730.12
P1261 0.9175952672958374 3259.39 1244.30 3278.20 1235.54 3295.46 1272.59 3276.65 1281.35
P1261 0.8481244444847107 3278.01 1236.60 3296.84 1227.02 3316.16 1264.97 3297.33 1274.55
P1261 0.8206438422203064 3807.95 716.91 3824.97 702.78 3850.45 733.47 3833.43 747.60
P1261 0.6180793642997742 3414.66 1658.13 3430.66 1643.20 3457.20 1671.65 3441.21 1686.58
P1261 0.5050758719444275 1240.46 3890.37 1261.43 3878.23 1281.74 3913.30 1260.77 3925.44
P1261 0.42877984046936035 1260.70 3880.32 1280.44 3868.84 1299.69 3901.95 1279.95 3913.43
P1423 0.3980481028556824 2125.45 2046.50 2204.24 1970.70 2230.25 1997.73 2151.45 2073.53
P1423 0.147725448012352 940.76 1074.17 1101.33 995.42 1141.54 1077.42 980.97 1156.16
P1423 0.11429798603057861 1434.29 2252.18 1560.78 2240.22 1580.88 2452.79 1454.39 2464.75
P1423 0.05014985427260399 2164.01 2087.28 2240.53 2010.84 2263.08 2033.41 2186.55 2109.86
P1411 0.49793556332588196 1981.05 1774.09 2003.66 1778.86 1993.39 1827.49 1970.79 1822.72
P1411 0.14760561287403107 1956.40 1767.19 1977.30 1771.64 1967.87 1815.86 1946.98 1811.41
P1630 0.3263196647167206 1372.16 3675.98 1390.35 3658.78 1424.80 3695.21 1406.62 3712.41
P1630 0.20421773195266724 1389.32 3659.07 1405.27 3644.90 1437.82 3681.54 1421.87 3695.70
P1630 0.13328377902507782 1357.22 3690.74 1375.82 3673.27 1408.99 3708.61 1390.38 3726.07
P2707 0.9922101497650146 2342.94 374.94 2391.83 367.65 2406.64 466.92 2357.74 474.21
P1226 0.5671293139457703 164.99 3239.20 185.89 3231.92 199.03 3269.62 178.13 3276.91
P1226 0.15880341827869415 2696.19 3388.27 2735.09 3415.14 2721.86 3434.29 2682.96 3407.42
P1226 0.05470193549990654 2690.75 3409.41 2727.97 3433.05 2716.19 3451.61 2678.96 3427.97
P1262 0.6474214792251587 3618.60 2894.19 3658.25 2911.21 3650.08 2930.23 3610.44 2913.21
P1262 0.31844431161880493 2054.09 57.68 2092.85 37.22 2103.98 58.30 2065.22 78.76
P1262 0.2947525680065155 1583.68 1620.61 1600.33 1610.97 1618.99 1643.21 1602.33 1652.85
P1262 0.13800275325775146 2080.27 297.08 2106.21 286.37 2119.85 319.41 2093.92 330.11
P1262 0.11826906353235245 3677.61 2917.93 3711.81 2933.31 3703.35 2952.11 3669.15 2936.73
P2486 0.18935200572013855 1783.90 536.56 1815.39 531.49 1820.32 562.04 1788.82 567.12
P2486 0.054680123925209045 1760.51 1205.94 1787.73 1199.37 1794.55 1227.63 1767.33 1234.19
P2486 0.050605904310941696 1145.23 670.05 1191.67 667.36 1194.81 721.42 1148.36 724.11
P1654 0.05167241767048836 2996.80 2846.77 3040.70 2852.25 3037.94 2874.39 2994.03 2868.90
P1654 0.05086613446474075 2995.98 2874.01 3063.40 2881.39 3059.67 2915.45 2992.25 2908.07
P1334 0.9934357404708862 1171.66 2378.10 1194.23 2373.16 1202.49 2410.86 1179.92 2415.81
P1334 0.9725592136383057 1152.81 2382.20 1174.91 2377.88 1182.21 2415.13 1160.11 2419.46
P1334 0.7879893183708191 1190.15 2374.26 1205.87 2370.06 1216.25 2408.94 1200.54 2413.14
P1334 0.15613071620464325 1184.19 2416.64 1206.74 2412.34 1211.72 2438.44 1189.17 2442.74
P1334 0.08107128739356995 1166.54 2420.27 1186.81 2415.25 1194.65 2446.88 1174.37 2451.91
P1008 0.9967247843742371 3460.55 1738.25 3522.30 1734.29 3529.59 1848.09 3467.84 1852.05
P1477 0.9998102784156799 1204.21 1429.49 1250.58 1422.15 1254.74 1448.44 1208.37 1455.78
P1477 0.999771773815155 1398.11 2280.05 1422.72 2276.12 1429.65 2319.51 1405.03 2323.44
P1477 0.9997707009315491 1406.01 2328.01 1431.34 2322.72 1440.24 2365.36 1414.91 2370.64
P1477 0.9996770620346069 1379.69 2332.45 1404.28 2327.59 1412.58 2369.60 1387.98 2374.45
P1477 0.9995591044425964 1209.38 1461.78 1256.54 1453.35 1261.30 1479.99 1214.14 1488.42
P1477 0.999554455280304 1747.30 3356.61 1775.93 3350.92 1784.90 3396.02 1756.27 3401.71
P1477 0.9995383024215698 1193.67 1366.62 1239.17 1357.98 1244.09 1383.89 1198.58 1392.52
P1477 0.999524712562561 1199.06 1398.59 1244.54 1390.82 1248.89 1416.29 1203.41 1424.06
P1477 0.9993533492088318 1368.75 2286.39 1394.57 2280.88 1404.08 2325.45 1378.26 2330.96
P1477 0.9993162155151367 1738.91 3306.77 1765.96 3301.07 1775.74 3347.47 1748.69 3353.18
P1477 0.9989314675331116 2317.14 1812.86 2344.51 1807.61 2353.84 1856.29 2326.47 1861.54
P1477 0.9988344311714172 1407.42 2072.76 1438.98 2067.21 1447.78 2117.21 1416.22 2122.76
P1477 0.9765053987503052 2225.88 1497.43 2274.49 1486.93 2280.13 1513.08 2231.52 1523.58
P1477 0.8765288591384888 1894.36 3368.42 1915.13 3361.73 1925.29 3393.30 1904.52 3399.99
P1477 0.8605142831802368 1276.62 2819.79 1321.88 2811.78 1326.23 2836.38 1280.97 2844.39
P1477 0.8546872735023499 1281.72 2849.01 1329.00 2840.97 1333.64 2868.28 1286.36 2876.31
P1477 0.8002821803092957 1240.55 2192.02 1287.33 2176.39 1307.06 2235.42 1260.28 2251.05
P1477 0.2934945225715637 1354.49 2318.10 1382.47 2312.97 1388.56 2346.20 1360.57 2351.33
P1477 0.2685830295085907 1566.59 2383.80 1587.40 2381.10 1590.27 2403.26 1569.46 2405.95
P1477 0.2025715857744217 1407.87 2049.68 1432.78 2045.80 1436.78 2071.46 1411.87 2075.34
P1477 0.1684425175189972 1204.02 1340.17 1242.87 1335.69 1245.52 1358.63 1206.66 1363.11
P1477 0.11361318081617355 1449.11 2066.74 1480.20 2062.73 1486.10 2108.52 1455.01 2112.53
P1477 0.10160394012928009 1368.78 1790.52 1408.77 1783.28 1414.68 1815.87 1374.69 1823.11
P1477 0.0833839625120163 1358.09 2257.14 1387.57 2253.52 1391.43 2285.02 1361.95 2288.64
P1477 0.0651358887553215 1360.58 1824.03 1389.63 1819.53 1395.69 1858.59 1366.63 1863.09
P2445 0.10190455615520477 823.91 529.85 848.55 532.59 843.50 578.05 818.86 575.31
P2445 0.08839108049869537 780.72 445.91 813.95 463.71 803.62 482.99 770.39 465.19
P1404 0.9318155646324158 1942.16 3195.14 2209.00 3376.33 2078.53 3568.49 1811.68 3387.30
P1404 0.2175772786140442 766.07 2321.19 883.14 2417.04 783.24 2539.07 666.16 2443.23
P1404 0.05715493485331535 1730.98 2966.66 1825.70 3017.62 1721.60 3211.13 1626.88 3160.17
P2737 0.7051448822021484 832.91 1147.94 847.58 1141.57 859.92 1170.00 845.25 1176.37
P2737 0.44310855865478516 949.73 475.98 965.23 465.56 987.72 499.05 972.22 509.46
P2737 0.3705303370952606 864.25 791.57 879.21 783.85 891.80 808.25 876.85 815.97
P2737 0.27044785022735596 836.35 1259.81 849.51 1252.84 861.72 1275.92 848.56 1282.88
P2737 0.2622896432876587 821.64 1264.57 834.82 1258.12 847.10 1283.23 833.92 1289.68
P2737 0.2599087059497833 3135.49 1304.57 3164.52 1290.62 3172.11 1306.40 3143.08 1320.36
P2737 0.2078300565481186 921.46 494.63 946.10 474.98 963.10 496.30 938.45 515.95
P2737 0.15173807740211487 849.42 756.27 865.35 749.40 877.77 778.21 861.84 785.08
P2737 0.09518209099769592 898.20 504.80 914.47 494.01 935.95 526.40 919.68 537.19
P2737 0.09451016783714294 1967.80 132.30 1981.52 119.91 2009.03 150.36 1995.30 162.76
P2737 0.06632514297962189 2586.16 1830.91 2623.70 1850.03 2605.10 1886.56 2567.56 1867.43
P0134 0.9978479146957397 402.95 1404.49 450.87 1408.12 444.31 1494.93 396.39 1491.31
P0325 0.15855111181735992 1129.08 726.44 1370.85 881.07 1243.67 1079.91 1001.91 925.28
P0325 0.08053388446569443 1392.68 -9.55 1578.79 -60.92 1611.76 58.52 1425.64 109.88
P0325 0.07801021635532379 1237.31 951.71 1400.28 791.74 1606.96 1002.30 1443.99 1162.27
P1772 0.6757485270500183 3622.95 2953.57 3649.87 2979.27 3581.44 3050.92 3554.52 3025.22
P1772 0.5879750847816467 3623.87 4670.98 3678.86 4654.27 3708.31 4751.18 3653.31 4767.89
P1772 0.4908963441848755 2381.95 2136.77 2476.48 2080.13 2492.53 2106.91 2398.00 2163.55
P1772 0.26955488324165344 4117.80 277.73 4204.74 305.36 4192.24 344.67 4105.31 317.04
P1772 0.19674217700958252 2745.34 3410.74 2808.68 3396.49 2814.60 3422.83 2751.27 3437.09
P1772 0.16954711079597473 3766.48 4910.68 3822.76 4887.60 3836.60 4921.36 3780.33 4944.44
P1772 0.13457965850830078 4454.81 3263.79 4533.05 3238.42 4557.59 3314.10 4479.36 3339.47
P1772 0.12077982723712921 3881.25 5297.76 3902.39 5291.02 3912.28 5322.03 3891.14 5328.77
P1772 0.10818541049957275 3625.66 3591.18 3727.01 3562.65 3744.86 3626.05 3643.51 3654.58
P1772 0.08584935963153839 3030.33 3710.24 3052.55 3703.34 3067.54 3751.58 3045.32 3758.48
P1772 0.053852379322052 3247.64 3714.21 3352.94 3674.70 3371.92 3725.31 3266.62 3764.81
P1772 0.05367451161146164 2394.54 3865.02 2464.52 3844.15 2475.98 3882.58 2406.00 3903.45
P1635 0.5840510129928589 3324.67 843.60 3384.24 789.03 3415.33 822.96 3355.76 877.54
P1406 0.6919258832931519 5818.07 3901.18 6013.44 4025.90 5937.92 4144.20 5742.55 4019.47
P1406 0.4956565201282501 5343.86 3630.58 5576.15 3764.74 5508.16 3882.46 5275.87 3748.30
P1236 0.9811888337135315 1819.53 885.71 1837.25 872.78 1860.20 904.21 1842.49 917.15
P1236 0.96494460105896 1800.65 901.56 1817.45 887.78 1841.50 917.09 1824.69 930.88
P1236 0.849215567111969 1837.11 873.01 1854.93 857.05 1881.50 886.71 1863.68 902.67
P1236 0.08403918892145157 3868.91 3136.79 3887.95 3134.46 3891.60 3164.20 3872.55 3166.54
P0681 0.4360937178134918 304.22 739.20 457.73 642.52 503.43 715.08 349.92 811.77
P0351 0.9995143413543701 183.32 527.87 365.60 588.99 327.58 702.39 145.30 641.27
P0351 0.9986097812652588 147.03 650.28 325.69 705.61 291.73 815.28 113.07 759.95
P1381 0.6531696319580078 247.62 2615.99 299.21 2593.82 318.43 2638.57 266.84 2660.73
P1381 0.4337376356124878 1899.60 3761.05 1960.19 3724.47 1972.23 3744.42 1911.64 3781.00
P1381 0.26844266057014465 2111.58 3952.36 2424.38 3788.74 2522.58 3976.48 2209.78 4140.10
P1381 0.24110594391822815 490.08 79.52 611.47 52.13 663.27 281.71 541.88 309.10
P1381 0.14308620989322662 1320.40 2024.90 1392.87 1988.89 1434.92 2073.52 1362.46 2109.53
P1381 0.09691020101308823 1272.61 3765.39 1355.69 3714.92 1391.62 3774.05 1308.54 3824.53
P1381 0.09496012330055237 2399.32 3297.17 2499.95 3266.09 2539.28 3393.41 2438.65 3424.49
P1381 0.08307947218418121 1600.37 1599.83 1793.81 1494.56 1866.11 1627.43 1672.68 1732.69
P1381 0.0691913291811943 2194.59 3542.99 2298.99 3489.63 2384.07 3656.09 2279.68 3709.45
P2782 0.9997097849845886 1885.63 338.55 2013.53 326.93 2032.81 539.23 1904.91 550.85
P2782 0.37247347831726074 2649.52 929.55 3105.99 889.73 3125.02 1107.81 2668.55 1147.63
P2782 0.17707283794879913 1886.22 938.64 2117.93 918.53 2170.16 1520.20 1938.46 1540.31
P2782 0.13364177942276 1649.31 1036.29 1855.49 1020.16 1897.01 1551.18 1690.84 1567.30
P1530 0.3176847994327545 3346.30 774.39 3391.37 764.14 3409.85 845.37 3364.78 855.63
P1188 0.9997788071632385 533.09 618.35 652.00 612.81 661.74 821.94 542.83 827.48
P1188 0.9996192455291748 413.69 624.56 530.94 619.40 540.05 826.43 422.80 831.59
P2526 0.0655873492360115 697.57 1977.38 721.81 1967.81 730.77 1990.52 706.53 2000.09
P1355 0.25013434886932373 3861.83 2969.17 3884.10 2967.15 3887.63 3006.14 3865.36 3008.16
P1206 0.9754005074501038 2964.50 887.79 2986.67 878.46 3002.73 916.65 2980.56 925.97
P0045 0.19937200844287872 261.66 770.89 394.60 737.85 420.43 841.82 287.50 874.85
P0045 0.14928264915943146 336.50 992.25 423.77 974.63 459.72 1152.70 372.45 1170.32
P0045 0.08716399222612381 459.04 976.54 536.87 961.06 568.39 1119.48 490.55 1134.97
P0045 0.08043324947357178 580.83 956.14 662.37 941.66 691.67 1106.69 610.13 1121.17
P0045 0.05524928495287895 275.25 353.19 359.42 338.48 389.31 509.54 305.14 524.25
P1409 0.37322667241096497 2296.05 1062.19 2512.97 1185.29 2443.68 1307.40 2226.76 1184.30
P1409 0.05605882778763771 1368.26 1743.26 1458.40 1832.89 1361.48 1930.35 1271.35 1840.72
P2120 0.9999041557312012 865.91 781.57 950.76 855.98 907.82 904.96 822.96 830.55
P2715 0.10012437403202057 2205.95 1625.08 2223.76 1621.78 2228.30 1646.36 2210.49 1649.65
P2715 0.05563203617930412 3821.81 1553.45 3862.62 1542.13 3868.17 1562.14 3827.36 1573.45
P2487 0.17245778441429138 123.96 2059.56 148.32 2055.51 156.10 2102.18 131.74 2106.24
P2487 0.1462632119655609 99.97 2000.22 142.29 1996.30 146.07 2037.11 103.75 2041.03
P0135 0.5122478008270264 1519.34 1551.07 1603.06 1510.12 1697.71 1703.66 1613.99 1744.60
P2459 0.06298130005598068 1862.70 1000.31 1898.29 979.05 1910.45 999.40 1874.86 1020.66
P2760 0.9994291663169861 2120.04 3346.75 2139.36 3331.35 2168.02 3367.31 2148.70 3382.71
P2760 0.9987360835075378 3317.10 1860.12 3366.98 1842.45 3376.85 1870.30 3326.97 1887.97
P2760 0.9986905455589294 511.62 471.26 532.02 457.26 559.96 497.96 539.57 511.96
P2760 0.9980970025062561 2143.96 3327.49 2163.42 3312.09 2191.66 3347.79 2172.20 3363.18
P2760 0.44478079676628113 1796.44 2749.97 1815.33 2734.47 1846.65 2772.62 1827.76 2788.12
P2760 0.11551659554243088 1776.65 2954.69 1816.08 2921.43 1859.75 2973.21 1820.31 3006.47
P2760 0.05438363924622536 1766.51 2771.91 1797.61 2746.35 1833.72 2790.28 1802.62 2815.85
P2760 0.050411809235811234 1896.60 3026.76 1934.42 2991.21 1954.79 3012.88 1916.97 3048.43
P0046 0.06691140681505203 1277.27 2144.75 1394.67 2065.72 1427.75 2114.87 1310.35 2193.90
P1324 0.18657906353473663 871.40 3935.27 889.44 3926.16 909.37 3965.61 891.33 3974.72
P2480 0.15779009461402893 1287.37 247.42 1295.91 240.22 1309.17 255.94 1300.63 263.14
P2440 0.2532188892364502 -0.67 1738.83 25.36 1734.58 33.37 1783.65 7.33 1787.89
P0092 0.9997377991676331 1848.17 612.03 1967.70 616.17 1960.91 812.30 1841.37 808.16
P0092 0.9997019171714783 1849.35 382.17 1974.01 384.87 1969.70 584.11 1845.04 581.41
P0092 0.9995323419570923 1710.59 600.53 1839.31 603.24 1834.98 808.72 1706.26 806.00
P0092 0.9992445707321167 1981.84 385.06 2107.06 388.30 2101.95 586.06 1976.72 582.82
P0092 0.99904865026474 1979.20 616.60 2097.38 619.07 2093.41 809.20 1975.23 806.73
P0092 0.9990216493606567 1715.41 376.99 1838.05 377.73 1836.78 586.49 1714.15 585.75
P1233 0.9779755473136902 3341.31 989.85 3382.36 978.68 3388.00 999.41 3346.95 1010.58
P1233 0.9727755188941956 2081.07 2678.55 2098.89 2665.64 2122.29 2697.94 2104.47 2710.85
P1233 0.6351958513259888 2557.86 2881.48 2590.95 2850.94 2609.65 2871.21 2576.56 2901.74
P1233 0.3989454507827759 2648.33 2854.84 2665.41 2840.30 2694.99 2875.07 2677.91 2889.61
P1233 0.17500151693820953 3347.95 1013.18 3388.95 997.22 3397.03 1017.98 3356.03 1033.94
P1233 0.15651054680347443 3375.47 1203.72 3395.93 1197.26 3407.20 1232.97 3386.73 1239.43
P1233 0.14773617684841156 455.27 2979.32 484.87 3007.53 468.06 3025.17 438.45 2996.96
P1233 0.074993796646595 2535.84 2848.05 2561.33 2830.10 2575.57 2850.32 2550.08 2868.27
P1233 0.07107121497392654 2062.07 2828.56 2097.68 2798.97 2114.31 2818.99 2078.70 2848.57
P1233 0.062003642320632935 2550.18 2866.16 2582.58 2843.33 2592.66 2857.63 2560.26 2880.46
P1233 0.05547432601451874 2085.41 410.12 2124.29 382.81 2137.27 401.29 2098.38 428.60
P1936 0.999805748462677 223.48 705.84 279.86 683.84 314.69 773.10 258.31 795.10
P1936 0.9998052716255188 346.63 656.69 400.32 634.61 436.80 723.31 383.11 745.39
P1936 0.999775230884552 286.44 680.37 339.25 660.51 372.43 748.73 319.62 768.60
P1936 0.999754011631012 407.05 630.10 463.34 608.08 498.61 698.23 442.32 720.25
P0480 0.42347732186317444 483.56 -70.24 605.87 -81.29 623.45 113.47 501.15 124.51
P2461 0.05404378101229668 1408.27 1267.79 1438.61 1269.91 1434.23 1332.71 1403.89 1330.60
P2649 0.9999266862869263 875.37 473.02 1014.47 471.94 1016.23 698.57 877.13 699.65
P2649 0.9998961687088013 890.40 711.89 1021.63 710.43 1024.36 954.25 893.13 955.72
P2649 0.9998949766159058 868.70 224.05 1010.68 223.27 1012.00 462.99 870.02 463.77
P2649 0.9998811483383179 1282.32 461.85 1414.21 461.02 1415.71 698.97 1283.82 699.80
P2649 0.9998618364334106 1291.85 712.37 1421.22 711.72 1422.40 945.88 1293.03 946.53
P2649 0.9998472929000854 1143.21 222.93 1268.46 222.04 1270.10 452.36 1144.85 453.26
P2649 0.9998284578323364 1158.59 713.98 1289.82 713.67 1290.38 948.89 1159.15 949.20
P2649 0.9998076558113098 1007.83 216.36 1140.85 215.89 1141.72 459.95 1008.69 460.42
P2649 0.9997747540473938 1274.43 203.13 1405.71 202.74 1406.45 450.86 1275.17 451.25
P2649 0.9997313618659973 1015.97 470.02 1146.61 467.91 1150.33 698.17 1019.70 700.29
P2649 0.9997285008430481 1147.28 468.92 1279.39 467.35 1282.09 694.80 1149.98 696.37
P2649 0.9995507597923279 1026.46 714.51 1157.38 713.91 1158.48 953.57 1027.55 954.17
P2649 0.5279381275177002 863.69 1093.79 1151.77 1082.55 1156.32 1199.33 868.24 1210.57
P2649 0.2296065092086792 879.26 975.10 1054.80 980.18 1051.42 1096.90 875.87 1091.81
P2649 0.14796434342861176 1189.02 964.46 1425.50 966.51 1424.61 1069.52 1188.13 1067.48
P2649 0.09630133956670761 164.06 523.23 325.62 519.06 330.61 712.69 169.06 716.86
P0772 0.25128981471061707 785.07 363.65 856.03 367.29 846.83 546.58 775.88 542.95
P2174 0.2567378282546997 134.70 436.01 161.08 433.57 165.01 476.05 138.63 478.49
P2174 0.08880119025707245 775.26 453.74 876.96 452.79 877.55 516.51 775.85 517.46
P2694 0.9910048246383667 49.03 1622.69 70.96 1643.63 34.64 1681.69 12.70 1660.76
P2694 0.9886515736579895 58.78 1701.19 95.14 1666.20 115.13 1686.97 78.77 1721.96
P2694 0.9776421785354614 71.52 1644.59 93.03 1664.57 57.12 1703.24 35.61 1683.26
P2694 0.19766245782375336 111.07 1688.49 128.07 1705.29 92.61 1741.16 75.61 1724.36
P2694 0.15390361845493317 9.12 1633.72 36.83 1608.35 49.91 1622.63 22.21 1648.01
P2694 0.05253968387842178 2633.09 1998.67 2660.34 2006.32 2644.96 2061.09 2617.71 2053.44
P2434 0.14170362055301666 666.93 851.99 686.80 867.15 666.24 894.10 646.36 878.94
P2434 0.06686791032552719 678.43 808.46 694.86 818.58 674.46 851.69 658.03 841.56
P2212 0.09605000168085098 1645.92 680.27 1701.09 675.41 1704.35 712.41 1649.18 717.27
P2658 0.9998618364334106 690.23 223.12 811.35 230.10 798.84 447.07 677.72 440.09
P2658 0.9998193383216858 517.18 670.43 642.97 683.00 622.54 887.38 496.75 874.81
P2658 0.9997276663780212 620.52 1143.19 742.85 1154.24 723.76 1365.49 601.43 1354.44
P2658 0.9996962547302246 414.20 422.56 537.98 442.48 504.58 649.97 380.80 630.05
P2658 0.9996803998947144 654.57 678.29 782.31 689.92 761.95 913.69 634.21 902.06
P2658 0.999677300453186 678.24 455.01 799.68 466.19 780.02 679.74 658.58 668.56
P2658 0.9996747970581055 792.91 704.22 901.83 713.64 883.77 922.46 774.85 913.04
P2658 0.9996620416641235 634.81 918.26 756.72 926.93 742.19 1131.23 620.28 1122.55
P2658 0.9995810389518738 561.95 205.47 683.34 216.65 663.13 436.03 541.75 424.85
P2658 0.9995607733726501 474.89 1123.39 606.08 1133.10 590.62 1342.07 459.43 1332.36
P2658 0.9995318651199341 538.24 441.37 665.01 452.85 646.51 657.10 519.75 645.62
P2658 0.9995173215866089 813.51 474.50 922.65 483.97 905.16 685.55 796.02 676.08
P2658 0.99950110912323 753.13 1155.37 861.36 1161.19 849.99 1372.69 741.76 1366.87
P2658 0.999481737613678 491.80 895.73 621.20 906.78 603.32 1116.08 473.91 1105.02
P2658 0.9994588494300842 434.67 196.98 555.83 209.08 535.21 415.49 414.06 403.39
P2658 0.9994122982025146 823.54 245.59 937.32 250.26 928.60 462.79 814.82 458.12
P2658 0.9986644983291626 367.76 644.29 503.22 662.82 475.33 866.79 339.87 848.26
P2658 0.9974510073661804 365.85 876.14 482.68 892.58 454.28 1094.35 337.45 1077.91
P2658 0.9966543912887573 338.57 1101.18 459.54 1113.39 438.63 1320.60 317.66 1308.39
P2658 0.19443732500076294 406.91 1351.65 491.88 1359.31 479.00 1502.22 394.03 1494.56
P2658 0.14809083938598633 499.94 1376.27 578.80 1382.76 567.70 1517.79 488.84 1511.30
P2658 0.13468144834041595 1185.74 197.73 1758.01 276.73 1727.96 494.41 1155.69 415.40
P2658 0.05287662148475647 756.92 1398.28 830.41 1405.39 817.38 1540.19 743.89 1533.08
P0148 0.7895183563232422 1330.64 643.69 1350.84 648.11 1340.26 696.50 1320.05 692.09
P0148 0.7220501899719238 1305.62 639.73 1327.09 644.46 1317.19 689.42 1295.72 684.69
P0148 0.7145141959190369 1278.88 633.95 1298.73 638.37 1288.71 683.37 1268.86 678.95
P0148 0.5879216194152832 1248.67 630.99 1267.95 635.00 1258.63 679.82 1239.35 675.81
P0148 0.30407625436782837 1007.12 1389.89 1053.69 1416.00 1036.21 1447.18 989.64 1421.06
P0148 0.26496174931526184 353.54 669.71 446.50 682.41 443.82 701.98 350.87 689.28
P0148 0.24475589394569397 1164.62 802.92 1199.43 809.61 1191.34 851.68 1156.53 844.98
P0148 0.10534223914146423 530.13 540.96 579.73 535.52 582.90 564.44 533.30 569.88
P0148 0.10417545586824417 1211.72 618.88 1232.85 598.61 1255.57 622.30 1234.44 642.57
P2360 0.7893487215042114 2414.28 197.72 2437.93 174.36 2449.58 186.17 2425.93 209.52
P2360 0.6974931359291077 39.39 1299.40 61.24 1281.64 97.51 1326.26 75.66 1344.03
P2360 0.22932837903499603 101.29 1266.68 128.34 1291.31 116.34 1304.48 89.30 1279.85
P2360 0.09170006215572357 2433.58 217.77 2467.16 196.17 2481.71 218.79 2448.13 240.39
P2515 0.16756239533424377 667.71 1246.25 681.91 1234.66 702.67 1260.11 688.46 1271.69
P2515 0.07306145876646042 500.92 758.57 581.40 756.06 585.01 871.67 504.53 874.19
P1857 0.3534652590751648 834.76 3460.30 883.57 3463.51 877.82 3550.94 829.00 3547.72
P2660 0.7145917415618896 958.02 663.05 967.65 672.08 948.60 692.37 938.98 683.33
P2666 0.6321055293083191 2620.72 1695.99 2634.04 1685.74 2651.32 1708.22 2638.00 1718.46
P2666 0.44531580805778503 2636.02 1687.26 2648.14 1676.22 2665.43 1695.23 2653.31 1706.26
P2666 0.08188384026288986 2954.69 678.83 2975.73 660.07 3014.11 703.13 2993.06 721.89
P2666 0.07749544084072113 2973.02 658.86 2990.55 643.50 3030.31 688.88 3012.78 704.24
P0125 0.09277317672967911 393.24 647.64 446.80 675.22 388.61 788.21 335.05 760.62
P0230 0.9997393488883972 1361.67 71.22 1489.86 50.94 1524.19 267.90 1396.00 288.19
P0155 0.9999023675918579 646.14 628.94 697.76 607.73 733.44 694.57 681.83 715.78
P0155 0.9995760321617126 605.33 547.76 655.66 524.02 694.01 605.36 643.69 629.09
P0155 0.9995452761650085 660.54 523.67 710.70 500.88 747.25 581.36 697.09 604.14
P0155 0.9994884729385376 698.80 610.13 750.04 585.82 787.99 665.79 736.75 690.10
P0155 0.998895525932312 713.89 497.54 761.30 475.05 798.95 554.41 751.53 576.90
P0155 0.998754620552063 568.62 464.85 615.46 442.09 651.38 515.98 604.54 538.75
P0155 0.9941076040267944 753.63 582.84 802.31 557.41 843.82 636.89 795.14 662.32
P0155 0.10767088830471039 688.71 422.23 723.82 405.60 752.37 465.90 717.27 482.52
P2654 0.999956488609314 945.48 2845.04 1064.85 2844.36 1066.09 3061.61 946.71 3062.29
P2654 0.9999536275863647 1174.04 2393.22 1297.25 2393.86 1296.19 2598.54 1172.98 2597.90
P2654 0.9999418258666992 1069.54 2852.37 1187.16 2851.51 1188.77 3071.35 1071.14 3072.21
P2654 0.9999290704727173 1064.63 2391.27 1175.24 2391.65 1174.55 2594.12 1063.94 2593.74
P2654 0.9999186992645264 934.44 2605.97 1058.09 2605.76 1058.45 2822.16 934.81 2822.37
P2654 0.9999018907546997 1175.31 2609.53 1298.23 2608.95 1299.26 2825.21 1176.34 2825.80
P2654 0.9998862743377686 1190.18 2862.05 1311.84 2861.33 1313.12 3077.53 1191.46 3078.25
P2654 0.9998712539672852 1056.40 2610.69 1174.88 2610.21 1175.75 2824.90 1057.27 2825.38
P2654 0.9998083710670471 942.07 2383.50 1060.22 2386.30 1055.11 2602.69 936.96 2599.90
P2654 0.893557608127594 1614.92 1237.11 1779.92 1234.34 1786.14 1604.81 1621.14 1607.58
P2654 0.4013897776603699 1461.15 1268.53 1610.09 1268.88 1609.30 1601.18 1460.35 1600.82
P2165 0.5874407291412354 1188.39 615.38 1242.33 615.26 1242.66 763.74 1188.73 763.86
P2165 0.1350412666797638 1244.18 622.06 1283.72 620.62 1286.23 689.52 1246.69 690.96
P0682 0.15806958079338074 1446.28 1074.30 1549.02 1008.42 1573.51 1046.60 1470.76 1112.48
P2648 0.9998611211776733 1546.68 597.78 1672.47 596.52 1674.72 819.38 1548.92 820.64
P2648 0.9998540878295898 1429.64 844.47 1557.67 844.69 1557.26 1073.80 1429.24 1073.57
P2648 0.999840497970581 1533.33 359.32 1659.94 356.92 1664.19 580.87 1537.58 583.27
P2648 0.9998359680175781 1405.71 365.27 1533.51 361.43 1540.27 585.91 1412.47 589.76
P2648 0.9998335838317871 1442.37 1088.10 1564.67 1087.59 1565.58 1308.06 1443.29 1308.56
P2648 0.9998332262039185 1566.19 1327.93 1692.73 1323.96 1699.71 1546.08 1573.17 1550.06
P2648 0.999821126461029 1561.86 1081.10 1686.79 1080.11 1688.57 1302.66 1563.64 1303.66
P2648 0.9997832179069519 1445.93 1331.67 1566.45 1331.47 1566.83 1557.02 1446.31 1557.23
P2648 0.9997681975364685 1677.77 839.49 1805.39 836.94 1809.77 1057.04 1682.15 1059.58
P2648 0.9996820688247681 1418.77 602.81 1544.87 601.01 1548.07 825.43 1421.97 827.23
P2648 0.9996418952941895 1559.67 837.77 1674.47 836.24 1677.45 1059.49 1562.64 1061.02
P2648 0.9995707869529724 1674.24 599.40 1789.20 598.79 1790.35 813.68 1675.39 814.30
P2648 0.9992764592170715 1696.10 1326.06 1814.26 1325.73 1814.81 1525.38 1696.64 1525.71
P2648 0.9989548921585083 1665.49 358.83 1777.12 358.49 1777.78 575.10 1666.15 575.44
P2648 0.998450756072998 1685.39 1082.58 1797.88 1077.13 1808.48 1295.88 1695.99 1301.33
P2648 0.8365194797515869 1018.85 1322.01 1416.05 1316.37 1419.60 1566.36 1022.39 1572.00
P2648 0.6674981117248535 1012.08 1040.34 1425.09 1026.19 1434.43 1298.49 1021.41 1312.65
P2648 0.6215991973876953 1000.81 734.63 1424.94 739.09 1421.74 1043.80 997.61 1039.34
P2391 0.9840283989906311 2219.23 1390.36 2247.68 1389.65 2248.89 1437.57 2220.44 1438.28
P2391 0.558734118938446 2043.53 1584.35 2079.39 1582.40 2080.50 1602.68 2044.64 1604.63
P2391 0.3961767852306366 2069.89 1603.52 2096.47 1607.47 2089.75 1652.69 2063.17 1648.74
P2391 0.3197620213031769 1836.48 1495.15 1895.20 1500.82 1892.62 1527.47 1833.91 1521.79
P2391 0.3175506293773651 2195.84 1398.37 2208.79 1396.67 2213.22 1430.53 2200.27 1432.23
P2391 0.1869945228099823 2047.36 1642.90 2069.35 1643.95 2067.42 1684.19 2045.43 1683.14
P2391 0.1818012148141861 2106.79 1262.53 2130.00 1244.24 2142.20 1259.71 2118.99 1278.01
P2391 0.16166795790195465 2047.19 1599.69 2070.18 1602.43 2064.84 1647.26 2041.85 1644.52
P2391 0.15583735704421997 1910.05 1451.46 1934.28 1452.18 1932.02 1528.01 1907.79 1527.29
P2391 0.10193441808223724 1986.22 1605.92 2022.15 1609.15 2019.71 1636.41 1983.78 1633.18
P2391 0.09343770146369934 1537.12 1702.78 1559.34 1723.86 1511.67 1774.12 1489.44 1753.04
P2391 0.08375101536512375 1943.73 1455.12 1980.40 1459.07 1972.41 1533.26 1935.74 1529.31
P2391 0.08292306214570999 2071.50 1390.53 2133.84 1392.35 2130.99 1490.08 2068.65 1488.26
P2391 0.07863159477710724 2211.89 1495.45 2240.97 1493.38 2244.18 1538.60 2215.10 1540.66
P2391 0.05882847309112549 2280.71 1540.12 2294.27 1539.42 2295.64 1565.78 2282.08 1566.48
P0114 0.18403635919094086 356.41 584.85 471.41 524.03 496.57 571.58 381.57 632.40
P1442 0.9998226761817932 733.16 1144.05 786.07 1143.66 786.79 1240.78 733.89 1241.17
P1442 0.9998024106025696 773.70 1031.96 828.23 1031.28 829.44 1128.54 774.91 1129.22
P1442 0.9997865557670593 705.90 1030.40 759.31 1030.15 759.79 1128.95 706.38 1129.21
P1442 0.9997144341468811 725.46 871.04 779.54 870.74 780.11 972.67 726.03 972.97
P1442 0.9996944665908813 794.85 873.23 847.53 872.81 848.33 971.98 795.65 972.40
P1442 0.9996942281723022 652.98 751.56 710.03 750.32 712.26 852.97 655.21 854.21
P1442 0.9996799230575562 721.02 753.98 780.09 751.69 783.99 852.31 724.92 854.60
P1442 0.9995400905609131 793.90 752.76 849.41 752.15 850.53 854.29 795.02 854.90
P1442 0.9995352029800415 655.98 867.83 712.83 867.78 712.93 974.65 656.08 974.70
P1442 0.9994980096817017 801.67 1141.11 852.67 1141.74 851.41 1244.42 800.41 1243.79
P1442 0.9974625110626221 1038.96 649.50 1174.03 647.19 1175.33 723.39 1040.26 725.70
P1442 0.9897276759147644 1040.60 492.80 1171.33 493.25 1171.09 565.97 1040.35 565.53
P1442 0.9332044124603271 1039.77 568.47 1171.83 569.32 1171.34 644.08 1039.29 643.22
P1442 0.18811054527759552 668.62 1040.27 700.59 1036.40 711.02 1122.46 679.06 1126.33
P1442 0.16099831461906433 863.09 753.52 912.93 752.16 916.13 869.51 866.29 870.87
P1442 0.09714693576097488 111.24 1346.67 182.56 1345.26 184.06 1420.82 112.73 1422.23
P1677 0.07581339031457901 1406.06 3806.33 1425.67 3803.84 1431.59 3850.48 1411.99 3852.97
P0880 0.999795138835907 406.75 393.10 528.01 392.59 528.94 612.36 407.68 612.87
P0880 0.9997135996818542 540.94 397.01 673.89 399.71 669.51 614.54 536.57 611.83
P0880 0.9965229034423828 278.93 406.13 380.82 402.74 387.10 591.76 285.21 595.15
P0880 0.9357438087463379 678.58 393.60 794.77 391.23 799.67 631.42 683.48 633.79
P0880 0.5510096549987793 0.88 1677.68 57.75 1626.16 143.35 1720.64 86.47 1772.16
P0880 0.08595845103263855 1690.71 1197.68 1861.49 1129.47 1977.22 1419.21 1806.45 1487.42
P2361 0.997175931930542 588.62 1870.84 609.11 1888.29 576.61 1926.47 556.11 1909.02
P2361 0.7935889363288879 179.96 439.14 205.38 418.39 216.20 431.65 190.78 452.39
P2361 0.27316606044769287 1095.51 1677.17 1120.45 1698.52 1083.20 1742.03 1058.27 1720.68
P2361 0.117853544652462 199.00 460.15 234.25 439.39 247.73 462.28 212.48 483.03
P0196 0.9998530149459839 1610.61 464.42 1723.12 463.49 1724.59 641.79 1612.08 642.71
P0196 0.9997729659080505 1600.83 273.48 1714.03 270.08 1719.47 451.26 1606.27 454.66
P0196 0.9996726512908936 1738.11 464.23 1852.78 461.42 1857.20 642.08 1742.53 644.88
P0196 0.9996645450592041 1733.25 274.63 1848.57 271.77 1852.94 447.98 1737.63 450.84
P0145 0.9998188614845276 481.49 822.95 540.92 806.21 568.77 905.10 509.35 921.84
P2195 0.9998555183410645 1134.33 229.86 1194.60 229.88 1194.57 324.20 1134.31 324.19
P2195 0.9997459053993225 1135.74 327.32 1196.10 329.52 1192.60 425.68 1132.24 423.48
P2195 0.9996858835220337 1075.96 225.12 1134.46 228.05 1129.58 325.83 1071.07 322.91
P2195 0.9977705478668213 1072.16 329.36 1128.18 331.78 1124.26 422.68 1068.24 420.27
P2195 0.9805828928947449 1207.35 233.44 1267.90 238.49 1259.75 336.27 1199.20 331.23
P2195 0.95237135887146 1207.58 317.09 1268.18 323.31 1256.93 432.96 1196.33 426.75
P2195 0.6321892738342285 1140.99 1829.25 1191.01 1831.11 1190.23 1852.21 1140.21 1850.35
P2195 0.0748017281293869 1134.86 1871.08 1201.63 1867.45 1203.43 1900.69 1136.67 1904.32
P2195 0.05010873079299927 80.96 1755.95 233.82 1757.53 231.70 1963.35 78.84 1961.78
P2588 0.5628646016120911 535.30 392.00 618.93 468.60 582.39 508.49 498.76 431.89
P2588 0.3121258318424225 500.14 446.19 579.32 517.20 543.87 556.73 464.70 485.72
P2136 0.9999556541442871 352.43 1018.75 409.30 1012.55 418.78 1099.41 361.91 1105.62
P2136 0.999885082244873 415.76 986.36 480.33 979.51 492.21 1091.42 427.64 1098.27
P2136 0.9998742341995239 282.51 1025.42 343.06 1018.67 353.05 1108.37 292.51 1115.11
P2136 0.9998689889907837 496.39 977.23 563.16 970.79 574.12 1084.44 507.35 1090.88
P2136 0.08251967281103134 302.06 1126.90 353.44 1119.18 359.88 1162.11 308.50 1169.82
P2353 0.08064717799425125 1134.77 2021.16 1164.83 2010.59 1174.02 2036.72 1143.96 2047.30
P2806 0.99983811378479 421.62 291.27 525.03 302.51 501.86 515.62 398.45 504.37
P2806 0.9994671940803528 341.86 277.70 408.91 285.03 395.43 408.39 328.38 401.06
P2119 0.9997866749763489 180.19 947.68 245.16 943.34 251.11 1032.43 186.14 1036.78
P2119 0.9994331002235413 246.32 932.90 311.02 929.49 316.33 1030.22 251.63 1033.63
P2119 0.27275118231773376 1020.31 310.90 1133.89 296.30 1165.25 540.26 1051.66 554.86
P2296 0.05070007964968681 393.67 200.83 413.96 220.65 404.22 230.62 383.93 210.79
P2341 0.9578506350517273 624.25 289.84 650.64 306.73 625.20 346.49 598.81 329.60
P2341 0.9287025332450867 604.39 277.56 623.86 290.29 598.98 328.33 579.51 315.60
P2341 0.7663173675537109 582.08 259.65 603.38 275.77 573.79 314.88 552.49 298.77
P2341 0.33318784832954407 1715.70 149.95 1738.28 142.45 1755.82 195.28 1733.24 202.78
P2341 0.10455355793237686 1737.61 -0.10 1785.12 13.07 1778.23 37.90 1730.73 24.73
P2341 0.06058117002248764 1786.91 50.05 1830.03 83.85 1813.12 105.42 1770.00 71.63
P0394 0.999900221824646 1557.71 234.38 1669.45 187.97 1744.65 369.00 1632.91 415.41
P0394 0.999458372592926 1491.76 62.84 1601.67 18.42 1659.38 161.21 1549.47 205.64
P0667 0.9997219443321228 266.51 607.69 360.19 532.12 484.45 686.15 390.77 761.72
P0667 0.9995699524879456 474.51 441.17 567.53 367.16 690.27 521.43 597.26 595.44
P0667 0.9995507597923279 367.88 520.85 460.89 446.29 586.37 602.83 493.37 677.38
P0667 0.9992945194244385 575.62 359.37 668.06 284.34 792.66 437.86 700.23 512.89
P0667 0.9992689490318298 162.26 687.96 254.35 614.84 378.79 771.55 286.70 844.67
P2273 0.05018121004104614 1257.77 695.25 1269.94 691.49 1277.47 715.85 1265.29 719.61
P0231 0.5581004619598389 -22.70 1356.54 183.10 1409.02 168.11 1467.83 -37.69 1415.35
P0877 0.99945467710495 101.28 809.27 196.69 839.43 148.32 992.45 52.91 962.29
P0877 0.9974391460418701 22.37 784.51 100.27 807.75 54.07 962.64 -23.83 939.40
P0877 0.997296154499054 201.21 831.25 292.27 859.00 242.68 1021.73 151.62 993.98
P0877 0.9800406694412231 285.92 866.41 382.11 894.77 332.82 1061.95 236.63 1033.59
P1039 0.9990365505218506 320.92 71.21 520.52 3.45 555.83 107.47 356.22 175.23
P0107 0.9921046495437622 540.51 55.95 657.70 33.45 705.01 279.73 587.82 302.23
P0197 0.9993983507156372 734.85 470.55 848.01 469.74 849.54 681.66 736.38 682.48
P0197 0.9992227554321289 987.21 211.90 1100.70 211.69 1101.10 422.71 987.61 422.92
P0197 0.9991812109947205 865.36 211.58 978.07 211.18 978.85 426.91 866.14 427.31
P0640 0.9994387030601501 662.54 495.11 841.00 612.06 776.15 711.02 597.69 594.07
P0640 0.9981459379196167 537.40 678.12 722.91 796.38 655.37 902.32 469.86 784.06
P0886 0.9978146553039551 136.41 320.20 223.97 379.11 119.16 534.88 31.60 475.97
P0462 0.9998594522476196 354.11 811.73 561.73 797.01 570.34 918.41 362.71 933.13
P0657 0.9996278285980225 89.23 311.94 212.33 330.22 187.19 499.50 64.09 481.22
P0657 0.9995966553688049 115.09 135.08 235.86 152.07 211.74 323.45 90.97 306.45
P0671 0.9998605251312256 701.94 48.18 885.22 128.51 835.70 241.49 652.42 161.16
P0671 0.9967665672302246 646.96 162.49 835.43 244.55 782.70 365.65 594.23 283.60
P0671 0.993950605392456 750.62 -70.57 944.40 9.26 898.04 121.80 704.26 41.97
P0102 0.9994687438011169 3.39 956.00 133.73 973.09 109.88 1155.03 -20.46 1137.95
P0356 0.9992005228996277 226.90 118.17 339.16 102.20 364.21 278.33 251.94 294.30
P0356 0.9991636276245117 375.40 94.05 486.03 75.34 517.48 261.41 406.85 280.11
P0802 0.9981531500816345 103.98 105.76 222.16 129.81 179.49 339.50 61.30 315.45
P0802 0.8447364568710327 -17.94 70.55 102.15 97.68 53.63 312.40 -66.46 285.27
P0369 0.999288022518158 781.44 131.87 917.14 104.74 965.30 345.65 829.59 372.78
P0369 0.9989725351333618 607.56 163.27 742.73 136.21 792.06 382.60 656.89 409.67
P2170 0.05549175664782524 524.16 285.07 567.13 285.30 566.79 347.92 523.82 347.69
P0501 0.9995610117912292 234.13 269.98 389.34 414.19 305.33 504.60 150.12 360.39
P0501 0.9994096755981445 334.11 158.92 491.85 308.97 407.40 397.74 249.67 247.69
P2147 0.9996849298477173 113.36 302.18 177.24 309.25 166.16 409.46 102.28 402.39
P2147 0.9976323843002319 251.82 314.95 311.94 324.90 294.93 427.76 234.80 417.82
P2147 0.9929776787757874 181.68 309.60 243.12 316.00 232.58 417.05 171.15 410.65
P0674 0.9993582367897034 343.01 139.00 505.42 203.07 467.35 299.57 304.94 235.51
P0674 0.9992594122886658 243.61 360.03 425.82 425.17 389.56 526.61 207.35 461.47
P0674 0.9991744160652161 388.29 25.40 555.47 96.16 513.94 194.29 346.76 123.54
P0674 0.9990873336791992 296.36 247.38 463.29 316.08 422.68 414.77 255.75 346.07
P0834 0.9988534450531006 1004.89 160.48 1225.85 157.18 1227.47 265.41 1006.50 268.71
P0834 0.9988380074501038 1032.85 287.37 1254.80 284.43 1256.31 398.58 1034.36 401.52
P0834 0.830878734588623 1040.92 434.55 1204.98 416.71 1215.64 514.72 1051.58 532.56
P0834 0.2666541039943695 992.64 51.95 1177.11 38.38 1185.39 150.96 1000.92 164.53
