P1494 0.09283707290887833 1035.61 6636.52 1065.84 6619.11 1079.72 6643.22 1049.48 6660.63
P1870 0.2273748815059662 5260.84 897.15 5303.13 876.57 5325.48 922.49 5283.20 943.07
P2643 0.07861939072608948 5747.47 58.69 5775.84 37.46 5790.11 56.54 5761.74 77.77
P1172 0.42951592803001404 841.43 3874.63 875.22 3891.09 850.04 3942.79 816.25 3926.33
P1172 0.28112363815307617 1004.95 3532.38 1041.20 3550.45 1012.19 3608.67 975.94 3590.60
P1172 0.2742290496826172 897.26 3738.25 933.75 3752.01 913.90 3804.63 877.41 3790.87
P1172 0.1981104612350464 512.57 3496.54 549.67 3517.12 538.71 3536.89 501.61 3516.31
P1172 0.1604827642440796 1039.71 3463.26 1076.41 3482.53 1049.52 3533.74 1012.82 3514.47
P1172 0.14081008732318878 1178.74 3529.40 1224.99 3561.46 1188.67 3613.85 1142.43 3581.79
P1180 0.21398307383060455 1526.23 1814.74 1545.20 1797.79 1564.59 1819.50 1545.62 1836.45
P1180 0.18140050768852234 2015.17 1643.07 2038.41 1644.27 2037.31 1665.51 2014.07 1664.30
P1180 0.14103995263576508 1351.67 1472.43 1382.54 1468.05 1386.63 1496.89 1355.75 1501.27
P1180 0.12272652238607407 1694.40 1769.33 1713.16 1750.70 1731.58 1769.24 1712.82 1787.87
P1180 0.11069520562887192 1516.16 1542.21 1538.66 1561.34 1523.03 1579.73 1500.52 1560.60
P1169 0.401993066072464 2612.15 2535.97 2625.72 2524.90 2636.56 2538.19 2623.00 2549.26
P1169 0.22397299110889435 2272.55 1365.67 2294.23 1355.88 2306.18 1382.35 2284.51 1392.14
P1169 0.06849008053541183 2076.83 1086.79 2099.00 1065.29 2122.64 1089.68 2100.47 1111.18
P1169 0.057118985801935196 1781.13 763.05 1802.99 748.52 1816.85 769.36 1794.99 783.90
P1169 0.053289007395505905 1740.29 649.62 1760.41 632.50 1777.04 652.04 1756.92 669.16
P1151 0.4573810398578644 891.86 1728.73 990.59 1679.52 1015.67 1729.84 916.94 1779.05
P1151 0.10822401195764542 1343.19 2509.91 1545.13 2463.24 1576.00 2596.84 1374.06 2643.51
P1151 0.10464170575141907 1403.18 1485.49 1518.72 1423.69 1544.68 1472.24 1429.14 1534.03
P1151 0.08527744561433792 1622.13 1918.81 1747.50 1848.10 1783.00 1911.04 1657.62 1981.75
P1151 0.06604970246553421 1913.95 2431.77 2032.67 2366.91 2136.40 2556.77 2017.67 2621.63
P1151 0.06340961158275604 1685.82 2063.18 1817.32 1983.38 1880.53 2087.54 1749.03 2167.34
P1151 0.05246707424521446 2125.95 2822.76 2268.96 2754.01 2309.14 2837.58 2166.13 2906.33
P1157 0.998685896396637 2451.63 2621.04 2482.57 2626.65 2476.56 2659.77 2445.62 2654.15
P1157 0.9709595441818237 2499.49 2332.15 2528.37 2341.79 2514.10 2384.58 2485.22 2374.94
P1157 0.9075358510017395 2697.16 2501.14 2732.46 2501.19 2732.41 2538.11 2697.12 2538.07
P1157 0.899150550365448 1886.03 3178.95 1908.14 3192.48 1894.26 3215.17 1872.14 3201.64
P1157 0.8872697949409485 2843.27 2298.35 2871.02 2311.34 2859.18 2336.64 2831.42 2323.65
P1157 0.8749679923057556 2679.94 2552.75 2709.40 2557.49 2704.21 2589.82 2674.75 2585.08
P1157 0.8424618244171143 2590.16 2443.11 2617.77 2452.21 2609.51 2477.30 2581.89 2468.20
P1157 0.80588299036026 2734.71 2427.80 2765.68 2437.65 2749.23 2489.32 2718.26 2479.46
P1157 0.8010722398757935 2631.64 2472.04 2660.10 2449.60 2685.18 2481.42 2656.72 2503.86
P1157 0.6602489352226257 1645.27 3080.34 1663.95 3079.28 1665.03 3098.33 1646.35 3099.39
P1157 0.6330124139785767 2599.78 2402.07 2633.07 2414.41 2620.00 2449.69 2586.71 2437.36
P1157 0.6065839529037476 2527.05 2381.70 2554.09 2389.28 2547.16 2414.03 2520.11 2406.45
P1157 0.6021702885627747 2435.79 2613.95 2452.76 2617.53 2448.02 2640.02 2431.05 2636.44
P1157 0.6012082695960999 1234.35 3473.53 1262.20 3483.49 1253.99 3506.43 1226.14 3496.47
P1157 0.5077505111694336 1966.71 2331.97 1994.93 2339.61 1987.64 2366.56 1959.42 2358.92
P1157 0.43711039423942566 721.71 3844.29 745.46 3839.86 752.10 3875.46 728.35 3879.89
P1157 0.430335134267807 1588.07 3062.64 1613.35 3073.04 1601.99 3100.65 1576.71 3090.25
P1157 0.4298189878463745 2616.59 2374.23 2644.23 2383.66 2634.58 2411.96 2606.94 2402.53
P1157 0.381221741437912 2310.22 2936.56 2356.90 2948.81 2339.86 3013.78 2293.18 3001.53
P1157 0.33619460463523865 1490.57 3471.45 1523.71 3481.92 1510.84 3522.66 1477.71 3512.19
P1157 0.30866536498069763 2479.27 2318.18 2501.82 2326.59 2490.87 2355.96 2468.32 2347.55
P1157 0.22952501475811005 1784.02 2983.41 1815.58 2993.51 1801.87 3036.38 1770.31 3026.28
P1157 0.15948641300201416 1465.30 3337.26 1497.61 3347.75 1482.65 3393.81 1450.34 3383.31
P1157 0.12111746519804001 2890.91 1392.80 2903.54 1404.88 2890.55 1418.45 2877.93 1406.37
P1157 0.1016571894288063 1567.74 3065.02 1584.79 3068.25 1581.08 3087.83 1564.03 3084.59
P1157 0.09341664612293243 2392.76 2589.08 2424.95 2600.63 2413.45 2632.68 2381.26 2621.13
P1157 0.09292225539684296 1869.06 3167.65 1888.10 3176.21 1876.35 3202.35 1857.31 3193.79
P1157 0.08887048065662384 1658.45 3104.45 1681.76 3107.96 1677.87 3133.84 1654.56 3130.33
P1157 0.07177183777093887 1227.79 3496.50 1253.16 3507.45 1246.63 3522.60 1221.25 3511.65
P1157 0.06949909776449203 4870.60 1774.68 4982.18 1884.88 4866.62 2001.90 4755.03 1891.71
P1157 0.06390031427145004 1879.38 2542.74 1908.62 2552.15 1898.86 2582.50 1869.61 2573.09
P1157 0.057507432997226715 720.90 3897.98 752.56 3887.74 765.03 3926.32 733.37 3936.56
P1157 0.05331230163574219 1825.72 3013.48 1850.91 3022.63 1840.34 3051.76 1815.14 3042.61
P1175 0.9480381011962891 2194.68 2682.41 2219.59 2678.62 2223.33 2703.20 2198.41 2706.98
P1175 0.4301525354385376 1716.05 3277.13 1744.28 3282.09 1733.32 3344.58 1705.09 3339.63
P1175 0.26236769556999207 1755.24 3340.29 1780.19 3330.63 1792.65 3362.80 1767.70 3372.47
P1175 0.10146890580654144 1838.08 2849.17 1858.56 2861.13 1848.78 2877.89 1828.29 2865.93
P0033 0.5050902962684631 2015.18 1302.73 2077.47 1281.52 2102.79 1355.87 2040.50 1377.08
P0033 0.2933831214904785 532.57 982.97 643.19 916.84 714.98 1036.95 604.36 1103.07
P0033 0.05928551033139229 900.80 633.87 948.36 671.63 914.00 714.90 866.44 677.15
P1153 0.7034178376197815 1654.87 2473.01 1835.98 2336.28 1978.90 2525.60 1797.80 2662.33
P1153 0.06244897469878197 2091.55 1139.28 2204.25 1233.23 2041.33 1428.68 1928.63 1334.73
P1112 0.2082775980234146 543.03 1550.08 707.35 1540.86 713.69 1654.02 549.37 1663.23
P1112 0.0726681500673294 2435.95 1237.86 2543.38 1257.82 2535.20 1301.87 2427.76 1281.91
P1525 0.08776924014091492 1759.34 1750.17 1795.77 1734.90 1814.18 1778.80 1777.74 1794.08
P1461 0.4867236316204071 3826.41 1895.50 3922.56 1839.91 3987.49 1952.22 3891.34 2007.81
P1461 0.43858954310417175 4820.92 1753.73 5025.39 1710.92 5037.96 1770.95 4833.49 1813.77
P0043 0.1366397887468338 3217.04 2311.81 3250.80 2308.32 3255.31 2352.05 3221.56 2355.54
P0043 0.0959182158112526 1644.05 2760.80 1681.43 2735.87 1717.83 2790.44 1680.45 2815.37
P2556 0.9373370409011841 3298.15 4647.68 3367.66 4600.93 3407.92 4660.80 3338.41 4707.54
P2556 0.5947197079658508 2305.88 4314.46 2364.18 4287.48 2397.52 4359.52 2339.21 4386.50
P2556 0.4101225733757019 3236.16 3782.09 3297.33 3749.23 3336.00 3821.23 3274.83 3854.08
P2556 0.11816989630460739 2345.11 1871.75 2381.77 1859.46 2392.84 1892.48 2356.18 1904.77
P2556 0.11792347580194473 2274.62 1743.36 2307.99 1724.80 2333.51 1770.69 2300.14 1789.24
P2556 0.11395439505577087 1336.90 21.45 1375.41 29.95 1364.89 77.59 1326.38 69.08
P2556 0.053216591477394104 3328.13 4716.54 3363.99 4703.25 3374.46 4731.49 3338.60 4744.79
P1873 0.30646654963493347 587.47 573.94 611.08 580.60 604.82 602.84 581.20 596.19
P1873 0.18543265759944916 451.72 946.91 531.87 959.46 526.70 992.50 446.55 979.95
P1873 0.08645278960466385 2110.25 282.33 2148.37 264.56 2157.36 283.84 2119.23 301.62
P1873 0.05185512453317642 2397.51 1587.12 2417.08 1587.90 2415.45 1628.74 2395.88 1627.96
P1125 0.5659767389297485 5877.35 1896.04 5956.59 1904.59 5936.10 2094.43 5856.86 2085.87
P1125 0.4304259121417999 3208.40 993.63 3226.51 992.79 3228.64 1038.55 3210.53 1039.39
P1125 0.21716466546058655 5498.42 1442.54 5517.12 1444.56 5512.63 1486.11 5493.93 1484.09
P1125 0.09423325955867767 3196.95 996.90 3212.23 996.58 3213.10 1038.04 3197.82 1038.36
P1125 0.08789365738630295 5542.50 1457.09 5559.94 1459.93 5553.48 1499.59 5536.04 1496.75
P1125 0.07473941892385483 848.91 978.54 1032.64 906.22 1057.12 968.41 873.39 1040.73
P1125 0.06976649910211563 5527.81 1456.72 5544.57 1460.00 5537.79 1494.67 5521.03 1491.39
P1125 0.06958573311567307 906.78 947.05 923.53 945.06 931.07 1008.51 914.31 1010.50
P1125 0.056415341794490814 3148.96 3706.31 3215.23 3698.30 3224.01 3770.86 3157.74 3778.87
P0185 0.6056815981864929 640.36 2808.48 754.33 2695.27 830.82 2772.28 716.85 2885.49
P0185 0.07184173911809921 1939.20 523.95 1971.22 534.15 1949.16 603.40 1917.14 593.20
P2272 0.053182452917099 1356.88 1458.31 1374.63 1443.69 1391.10 1463.69 1373.35 1478.31
P1177 0.9997614026069641 284.96 819.47 392.04 816.40 395.93 952.40 288.86 955.46
P1177 0.999658465385437 417.37 803.01 525.95 797.66 532.39 928.46 423.82 933.81
P1177 0.9996541738510132 1367.77 666.26 1478.71 652.38 1496.38 793.55 1385.44 807.44
P1177 0.999631404876709 945.60 729.90 1044.44 715.56 1064.83 856.03 965.98 870.38
P1177 0.9995861649513245 1231.43 675.65 1340.32 663.01 1357.29 809.22 1248.40 821.86
P1177 0.9995403289794922 533.55 795.65 639.16 766.52 674.29 893.89 568.68 923.02
P1177 0.9995362758636475 801.99 744.04 914.81 750.32 907.42 883.02 794.60 876.74
P1177 0.9994319081306458 1099.02 700.38 1212.15 692.00 1222.47 831.45 1109.34 839.83
P1177 0.999230146408081 1925.46 1103.78 2032.90 1084.68 2057.64 1223.80 1950.20 1242.91
P1177 0.9990808963775635 1764.03 1128.81 1899.07 1120.04 1907.87 1255.55 1772.83 1264.31
P1177 0.8489296436309814 4138.23 343.47 4211.64 326.29 4238.48 440.96 4165.07 458.14
P1177 0.5907185077667236 4768.84 223.79 4929.64 180.35 4974.36 345.89 4813.56 389.33
P1177 0.5093736052513123 5288.02 110.91 5438.39 91.15 5461.55 267.43 5311.18 287.18
P1177 0.280958890914917 3827.05 406.52 3894.52 395.47 3910.54 493.22 3843.07 504.28
P1177 0.24311134219169617 2274.51 569.33 2347.37 554.70 2371.20 673.35 2298.35 687.99
P1177 0.20715568959712982 3750.87 906.28 3828.41 897.83 3835.34 961.37 3757.79 969.82
P1177 0.13530512154102325 5067.60 148.46 5246.78 123.67 5272.67 310.73 5093.49 335.53
P1177 0.12410038709640503 3700.66 434.50 3776.98 425.98 3787.15 517.07 3710.83 525.59
P1177 0.05194368213415146 4211.97 892.01 4382.38 878.51 4397.70 1071.98 4227.29 1085.47
P0089 0.9888644218444824 1056.24 180.02 1151.95 130.44 1177.44 179.65 1081.73 229.23
P0089 0.08998801559209824 1094.56 239.33 1182.98 172.74 1220.55 222.64 1132.12 289.22
P0089 0.05033999681472778 2098.32 2455.77 2145.14 2462.83 2141.89 2484.44 2095.06 2477.38
P1378 0.8458079099655151 3720.32 3036.37 3739.02 3048.17 3722.51 3074.32 3703.81 3062.52
P1378 0.05715689808130264 707.73 2381.69 721.28 2385.73 717.44 2398.59 703.90 2394.55
P1280 0.06145718693733215 2922.37 954.60 2952.73 936.01 2975.68 973.48 2945.32 992.08
P0137 0.8623524904251099 3598.47 1219.95 3653.43 1242.62 3638.04 1279.92 3583.08 1257.25
P0137 0.2319808453321457 4280.38 1784.89 4307.50 1790.52 4301.50 1819.45 4274.38 1813.83
P0137 0.05663573369383812 4174.70 1813.75 4200.77 1793.11 4213.13 1808.72 4187.07 1829.36
P0112 0.05499022826552391 2740.93 3661.73 2785.59 3661.87 2785.53 3681.49 2740.87 3681.35
P2762 0.10400408506393433 3007.70 2684.37 3048.37 2656.24 3072.91 2691.71 3032.23 2719.85
P1407 0.07739845663309097 5726.09 1604.71 5808.46 1682.77 5786.20 1706.26 5703.83 1628.19
P1372 0.2118779569864273 3194.70 740.02 3212.29 749.26 3202.44 768.01 3184.85 758.77
P1372 0.1456342488527298 3677.90 988.71 3702.40 1009.03 3686.37 1028.35 3661.88 1008.03
P1372 0.056852299720048904 3734.22 935.25 3757.78 921.00 3774.70 948.99 3751.14 963.24
P1415 0.08753928542137146 3111.39 1463.68 3133.11 1478.37 3120.35 1497.24 3098.62 1482.54
P1183 0.9990177154541016 5494.08 1995.05 5581.80 2013.05 5567.56 2082.42 5479.85 2064.42
P1723 0.12935353815555573 1244.58 3941.40 1338.52 3907.88 1376.92 4015.49 1282.99 4049.01
P1424 0.07624514400959015 5133.42 2168.50 5307.09 2322.72 5198.12 2445.43 5024.45 2291.21
P1124 0.4180726706981659 1157.35 2317.52 1418.40 2240.31 1474.22 2429.05 1213.17 2506.26
P1124 0.07520592957735062 2126.24 1478.09 2252.49 1579.96 2183.16 1665.89 2056.90 1564.02
P1124 0.0635833814740181 612.97 1538.79 713.12 1611.40 654.23 1692.63 554.08 1620.02
P0051 0.08127082139253616 87.71 349.01 97.45 353.45 88.83 372.33 79.09 367.88
P1485 0.9999016523361206 1000.48 2469.48 1119.87 2459.33 1131.15 2591.93 1011.76 2602.09
P1485 0.1471473127603531 435.70 1193.47 470.41 1186.31 476.12 1213.98 441.40 1221.13
P1436 0.35056236386299133 3715.17 3955.60 3815.43 3920.01 3841.63 3993.80 3741.37 4029.39
P1436 0.07296092063188553 3903.42 3962.31 3933.13 3987.65 3835.68 4101.87 3805.98 4076.53
P1160 0.9993506073951721 182.78 4047.09 273.30 4087.29 241.05 4159.90 150.54 4119.70
P1160 0.9993300437927246 898.55 3719.10 985.33 3746.99 959.48 3827.40 872.71 3799.51
P1160 0.9992918968200684 221.92 3955.18 307.09 3980.90 285.16 4053.51 200.00 4027.79
P1160 0.9991580247879028 1016.42 3416.23 1106.86 3450.67 1076.58 3530.17 986.15 3495.73
P1160 0.9985672235488892 147.47 4148.26 233.55 4183.87 204.30 4254.56 118.22 4218.95
P1160 0.9979413151741028 292.04 4245.95 362.54 4195.10 416.51 4269.93 346.00 4320.78
P1160 0.9954179525375366 565.89 4156.35 651.28 4182.85 622.81 4274.57 537.43 4248.08
P1160 0.99397873878479 503.22 4317.09 579.79 4351.33 538.14 4444.47 461.57 4410.23
P1160 0.447228342294693 294.47 588.97 358.33 650.91 305.72 705.14 241.86 643.20
P1160 0.14148366451263428 1952.08 602.92 2026.11 660.65 1972.43 729.48 1898.40 671.74
P1160 0.05252080038189888 605.99 1368.04 668.19 1425.91 608.79 1489.76 546.59 1431.90
P1796 0.13740061223506927 1829.15 4876.61 1851.86 4896.28 1831.64 4919.61 1808.93 4899.94
P1176 0.9994267225265503 922.59 2082.23 947.54 2059.49 976.85 2091.64 951.90 2114.38
P1176 0.9992608428001404 3495.15 1682.81 3523.08 1676.55 3530.93 1711.56 3503.00 1717.82
P1176 0.9990658164024353 3395.31 1696.62 3423.21 1690.27 3431.16 1725.20 3403.26 1731.55
P1176 0.9990056157112122 3566.48 1674.45 3594.57 1666.53 3603.98 1699.87 3575.89 1707.79
P1176 0.9989073276519775 3459.30 1691.07 3484.16 1683.47 3493.91 1715.39 3469.06 1722.99
P1176 0.9988961219787598 3538.23 1673.59 3568.18 1674.74 3566.79 1710.96 3536.84 1709.81
P1176 0.998505711555481 1025.64 2047.23 1061.21 2068.08 1042.08 2100.73 1006.50 2079.88
P1176 0.9977309107780457 3605.06 1668.28 3633.52 1666.70 3635.31 1698.84 3606.85 1700.42
P1176 0.9968382120132446 3365.46 1704.09 3391.20 1698.74 3398.01 1731.47 3372.27 1736.83
P1176 0.9965962767601013 3332.06 1705.44 3362.32 1704.70 3363.14 1738.76 3332.88 1739.49
P1176 0.9870976805686951 3701.19 1780.27 3732.78 1776.21 3737.27 1811.14 3705.68 1815.20
P1176 0.9660912752151489 3740.65 1777.50 3770.56 1770.58 3778.18 1803.51 3748.27 1810.43
P1176 0.6501728892326355 4295.85 1584.47 4317.94 1580.18 4323.58 1609.14 4301.48 1613.44
P1176 0.5490921139717102 4216.17 1599.89 4237.64 1598.12 4239.78 1624.03 4218.31 1625.80
P1176 0.5479387640953064 1408.51 1965.37 1467.09 1961.84 1470.68 2021.41 1412.10 2024.94
P1176 0.32540374994277954 1564.41 2097.09 1592.24 2089.70 1601.56 2124.79 1573.73 2132.18
P1176 0.2994122803211212 4249.58 1704.49 4276.55 1699.96 4282.64 1736.17 4255.67 1740.70
P1176 0.29813575744628906 512.53 2022.37 542.49 2019.50 545.42 2050.09 515.46 2052.96
P1176 0.2663378119468689 3828.75 1639.16 3851.88 1635.91 3856.74 1670.50 3833.61 1673.75
P1176 0.26236990094184875 4186.02 1607.00 4205.63 1604.88 4208.18 1628.51 4188.57 1630.63
P1176 0.24804534018039703 1332.25 1980.34 1394.98 1974.36 1400.59 2033.32 1337.86 2039.29
P1176 0.1615249663591385 3970.02 1838.15 3996.95 1850.56 3983.31 1880.14 3956.39 1867.72
P1176 0.1459687203168869 3864.98 1641.35 3893.49 1637.28 3899.23 1677.41 3870.71 1681.48
P1176 0.11568759381771088 1432.73 2140.48 1459.56 2137.34 1463.40 2170.11 1436.57 2173.26
P1176 0.10761111229658127 4375.80 1568.77 4409.99 1562.92 4416.84 1602.93 4382.65 1608.78
P1176 0.10571525990962982 1740.78 1919.51 1797.88 1907.70 1809.64 1964.55 1752.53 1976.35
P1176 0.10236307978630066 4536.47 1687.73 4568.67 1681.25 4575.14 1713.41 4542.94 1719.89
P1176 0.08299487084150314 4152.58 1604.82 4174.79 1602.39 4177.29 1625.29 4155.08 1627.71
P1176 0.07055779546499252 1532.14 2116.78 1555.01 2105.10 1570.59 2135.61 1547.72 2147.29
P1176 0.06888682395219803 1492.77 2122.12 1526.39 2112.60 1535.88 2146.10 1502.25 2155.62
P1176 0.053579844534397125 4606.16 1651.99 4642.26 1645.38 4649.14 1683.01 4613.04 1689.61
P1176 0.051650140434503555 4453.55 1553.37 4494.29 1542.61 4507.28 1591.83 4466.54 1602.58
P1176 0.0513177216053009 1660.57 1926.17 1727.85 1920.77 1732.68 1981.05 1665.40 1986.45
P1396 0.9998791217803955 2239.36 1218.68 2277.70 1220.88 2270.99 1338.04 2232.65 1335.84
P1396 0.9998621940612793 2124.95 469.56 2162.88 472.31 2154.77 584.09 2116.85 581.34
P1396 0.9997711777687073 627.79 2293.52 655.79 2297.67 642.99 2383.94 614.99 2379.78
P1396 0.9996830224990845 586.43 2290.18 614.60 2293.56 604.14 2380.89 575.97 2377.52
P1396 0.999681830406189 2045.37 465.38 2085.79 485.86 2035.07 585.98 1994.64 565.49
P1396 0.9996726512908936 550.19 2286.88 579.58 2291.85 564.79 2379.37 535.40 2374.41
P1396 0.999488115310669 2172.70 474.22 2215.90 478.12 2205.19 596.57 2162.00 592.66
P1396 0.9992368221282959 2053.05 691.53 2097.30 694.36 2089.50 816.51 2045.25 813.69
P1396 0.9991329312324524 2145.30 1176.80 2185.91 1174.13 2195.31 1317.07 2154.70 1319.74
P1396 0.9979959726333618 2129.88 699.13 2173.40 700.13 2170.45 828.16 2126.94 827.16
P1396 0.9975528120994568 2195.89 1197.43 2238.38 1198.10 2236.40 1323.95 2193.91 1323.29
P1396 0.9974115490913391 2090.98 696.00 2133.76 696.29 2132.91 820.30 2090.13 820.01
P1396 0.9952681660652161 767.57 2070.43 797.74 2071.95 793.00 2165.84 762.83 2164.32
P1396 0.9946743249893188 668.86 2304.32 696.07 2309.24 679.86 2398.90 652.65 2393.98
P1396 0.9835569858551025 2001.86 618.18 2044.86 615.55 2052.62 742.22 2009.61 744.85
P1396 0.9778491258621216 2052.49 633.51 2174.03 636.68 2173.02 675.41 2051.48 672.24
P1396 0.9772728085517883 2160.73 613.91 2206.45 613.64 2207.16 736.67 2161.44 736.93
P1396 0.9723303318023682 712.29 2086.39 733.65 2085.29 736.69 2144.30 715.33 2145.40
P1396 0.9699798822402954 2053.54 593.86 2173.88 604.70 2170.35 643.91 2050.01 633.08
P1396 0.8411511778831482 767.95 2218.88 799.57 2216.07 803.35 2258.64 771.73 2261.45
P1396 0.4798741042613983 1138.24 1660.73 1199.65 1665.44 1197.79 1689.72 1136.37 1685.00
P1396 0.2483743280172348 1578.05 2501.84 1608.59 2504.64 1601.35 2583.61 1570.81 2580.81
P1396 0.21802900731563568 1267.71 1210.63 1329.11 1216.12 1324.62 1266.33 1263.23 1260.84
P1396 0.18408307433128357 1711.91 2725.11 1737.08 2717.74 1758.69 2791.48 1733.51 2798.86
P1396 0.1628989726305008 1409.67 698.47 1435.41 697.61 1438.05 776.71 1412.31 777.57
P1396 0.1192658394575119 1007.75 1634.33 1076.04 1632.03 1076.84 1656.00 1008.55 1658.29
P1396 0.09945108741521835 1668.55 5497.28 1808.02 5509.46 1804.62 5548.41 1665.15 5536.24
P1396 0.08672475814819336 1500.96 944.48 1572.92 956.90 1566.10 996.46 1494.14 984.04
P1396 0.07778266072273254 811.40 2070.58 844.42 2068.42 850.07 2155.11 817.06 2157.26
P1396 0.07370221614837646 957.85 2074.52 983.57 2079.56 970.37 2146.99 944.65 2141.95
P1396 0.06871304661035538 1275.92 1128.21 1329.34 1137.47 1324.70 1164.27 1271.27 1155.00
P1396 0.06406883150339127 2130.11 5146.62 2158.58 5143.66 2166.30 5217.71 2137.82 5220.67
P1396 0.06044022738933563 1057.00 1905.77 1081.95 1894.13 1096.88 1926.13 1071.93 1937.77
P1396 0.051692310720682144 1469.13 968.62 1498.97 968.08 1500.16 1032.83 1470.31 1033.38
P1379 0.2319130003452301 260.48 2326.25 296.36 2336.83 285.86 2372.46 249.97 2361.88
P2216 0.060875825583934784 1540.33 1236.10 1565.63 1248.62 1553.29 1273.56 1527.99 1261.04
P1400 0.9999649524688721 4224.16 1867.38 4261.35 1868.36 4258.27 1986.07 4221.08 1985.10
P1400 0.9999386072158813 3993.84 1858.71 4032.39 1859.07 4031.26 1982.40 3992.71 1982.05
P1400 0.9999309778213501 3713.72 1847.09 3752.44 1847.19 3752.15 1966.14 3713.42 1966.04
P1400 0.999916672706604 4082.72 1862.94 4122.79 1863.40 4121.43 1981.73 4081.36 1981.27
P1400 0.9999103546142578 4272.22 1870.72 4309.47 1873.24 4301.25 1994.49 4264.00 1991.96
P1400 0.9998972415924072 3621.69 1848.73 3659.55 1849.52 3657.04 1970.81 3619.17 1970.03
P1400 0.9998936653137207 3948.37 1855.39 3981.40 1855.06 3982.66 1981.95 3949.63 1982.28
P1400 0.9998676776885986 4316.45 1871.12 4358.04 1873.36 4351.52 1994.03 4309.93 1991.79
P1400 0.9998109936714172 4038.97 1864.30 4078.21 1864.39 4077.94 1982.46 4038.70 1982.37
P1400 0.9998093247413635 3672.94 1848.72 3711.40 1851.54 3702.65 1970.78 3664.19 1967.96
P1400 0.9998003840446472 3760.98 1848.00 3799.30 1847.77 3800.01 1967.49 3761.70 1967.72
P1400 0.9997966885566711 3859.50 1848.72 3893.86 1852.09 3881.13 1981.95 3846.78 1978.59
P1400 0.9997960925102234 4139.47 1865.63 4173.75 1869.95 4159.86 1980.34 4125.58 1976.02
P1400 0.9997391104698181 2844.61 1815.03 2877.76 1817.25 2869.41 1941.51 2836.25 1939.28
P1400 0.9997316002845764 3902.40 1857.79 3942.99 1860.21 3935.83 1980.06 3895.23 1977.64
P1400 0.9997088313102722 4180.18 1866.87 4220.17 1869.55 4212.19 1988.64 4172.20 1985.96
P1400 0.9995772242546082 3803.85 1845.36 3845.14 1845.20 3845.63 1973.19 3804.34 1973.35
P1400 0.9993409514427185 3032.43 3382.25 3072.83 3379.48 3081.98 3513.05 3041.58 3515.82
P1400 0.9992019534111023 5010.68 1974.28 5037.57 1976.64 5027.64 2089.37 5000.75 2087.00
P1400 0.9991487264633179 5172.91 1984.42 5205.84 1987.88 5194.32 2097.78 5161.38 2094.33
P1400 0.9991177916526794 5042.20 1978.46 5073.75 1983.61 5055.59 2094.81 5024.03 2089.66
P1400 0.9990978240966797 4421.83 1880.63 4466.16 1887.57 4447.24 2008.39 4402.90 2001.45
P1400 0.9983023405075073 5138.08 1987.27 5171.80 1989.62 5164.39 2095.73 5130.67 2093.37
P1400 0.998176097869873 2778.23 1815.19 2829.65 1814.39 2832.00 1966.01 2780.58 1966.80
P1400 0.9976716637611389 3162.43 3387.34 3200.96 3388.19 3198.06 3519.41 3159.52 3518.56
P1400 0.997628390789032 3281.74 3394.17 3318.48 3394.16 3318.53 3523.22 3281.79 3523.23
P1400 0.9968180656433105 3348.98 3269.15 3390.09 3270.42 3385.79 3409.81 3344.68 3408.54
P1400 0.9958695769309998 3225.48 3264.71 3262.79 3264.05 3265.02 3389.69 3227.71 3390.35
P1400 0.9951659440994263 2973.00 3682.47 3019.34 3685.73 3008.16 3844.74 2961.82 3841.48
P1400 0.99433833360672 3830.34 3270.37 3876.99 3269.78 3878.94 3423.98 3832.29 3424.57
P1400 0.9904944896697998 3705.16 3278.85 3757.20 3277.54 3760.73 3417.54 3708.69 3418.85
P1400 0.9899042248725891 3587.97 3262.44 3633.68 3261.90 3635.46 3412.48 3589.75 3413.02
P1400 0.989203155040741 3147.87 3824.14 3197.00 3827.17 3188.32 3968.12 3139.20 3965.10
P1400 0.9838616251945496 3267.07 3825.44 3319.26 3827.78 3312.30 3983.57 3260.11 3981.23
P1400 0.975620687007904 2918.04 3360.12 2963.66 3362.39 2955.61 3524.06 2909.99 3521.79
P1400 0.974133312702179 5107.60 1983.93 5137.10 1986.63 5127.84 2087.70 5098.35 2085.00
P1400 0.9732248187065125 2791.60 3361.83 2845.61 3364.06 2838.98 3524.80 2784.98 3522.57
P1400 0.9572016596794128 5069.94 1978.01 5112.72 1982.19 5101.56 2096.35 5058.78 2092.16
P1400 0.9496269226074219 3214.94 3690.49 3261.78 3693.65 3252.07 3837.52 3205.23 3834.36
P1400 0.9391233921051025 2493.26 3235.80 2543.59 3238.93 2534.71 3381.56 2484.38 3378.43
P1400 0.9189872145652771 3466.66 3261.64 3516.99 3263.11 3512.46 3417.86 3462.13 3416.39
P1400 0.9178406000137329 5945.45 2542.82 5994.20 2501.53 6091.96 2616.97 6043.21 2658.25
P1400 0.9072368741035461 2712.47 1813.87 2763.16 1813.34 2764.99 1985.49 2714.30 1986.03
P1400 0.8576089143753052 3526.17 3403.02 3573.59 3406.42 3564.31 3536.09 3516.89 3532.70
P1400 0.8383281826972961 1451.37 977.75 1519.86 983.44 1507.00 1138.34 1438.50 1132.65
P1400 0.8348948955535889 5758.11 2351.37 5808.04 2317.02 5892.73 2440.11 5842.80 2474.46
P1400 0.8293618559837341 2982.69 3245.55 3029.30 3247.47 3023.41 3390.33 2976.81 3388.41
P1400 0.8003817200660706 5585.37 2918.34 5622.17 2885.05 5707.21 2979.08 5670.41 3012.37
P1400 0.7802920937538147 3177.29 2613.11 3239.86 2616.69 3230.81 2774.98 3168.24 2771.40
P1400 0.7670857310295105 2607.62 3240.97 2656.55 3239.93 2659.40 3373.29 2610.47 3374.34
P1400 0.7595251202583313 2383.65 1807.09 2419.57 1808.85 2414.59 1910.83 2378.67 1909.07
P1400 0.7269995808601379 2817.67 401.58 2881.60 407.23 2865.94 584.46 2802.01 578.81
P1400 0.7243615984916687 2857.35 2608.01 2911.22 2610.01 2905.60 2761.04 2851.73 2759.03
P1400 0.6782773733139038 4016.30 1491.14 4100.79 1491.16 4100.76 1657.79 4016.26 1657.77
P1400 0.5927450656890869 2735.26 3239.50 2787.11 3243.27 2777.00 3382.35 2725.16 3378.59
P1400 0.543829083442688 4514.91 2229.28 4562.42 2224.40 4572.04 2318.04 4524.53 2322.92
P1400 0.5368814468383789 3889.08 1503.16 3974.65 1505.62 3969.82 1673.34 3884.26 1670.88
P1400 0.5130077004432678 3310.89 433.20 3387.61 440.48 3372.88 595.51 3296.17 588.23
P1400 0.5068204998970032 5592.78 2077.41 5683.23 2000.45 5713.22 2035.70 5622.76 2112.65
P1400 0.4640272855758667 5901.51 2624.11 5956.52 2587.50 6017.90 2679.72 5962.89 2716.33
P1400 0.43286287784576416 2872.97 1821.04 2894.18 1822.90 2886.10 1915.04 2864.89 1913.17
P1400 0.38844457268714905 2545.90 394.79 2631.80 402.41 2617.74 561.14 2531.83 553.52
P1400 0.3585617244243622 3346.66 2603.27 3394.34 2606.93 3382.18 2765.61 3334.50 2761.96
P1400 0.3254604935646057 2375.86 2904.79 2430.81 2909.28 2421.11 3028.17 2366.16 3023.69
P1400 0.323910653591156 3735.43 1807.37 3836.88 1736.45 3871.58 1786.09 3770.13 1857.01
P1400 0.32283273339271545 3427.78 2973.98 3485.68 2979.19 3475.17 3096.15 3417.26 3090.94
P1400 0.28620645403862 1727.89 2487.33 1759.61 2485.50 1767.42 2620.87 1735.70 2622.70
P1400 0.23048396408557892 4359.35 1533.21 4603.27 1544.83 4597.93 1657.08 4354.01 1645.47
P1400 0.1721668243408203 4254.64 3006.87 4309.51 3012.45 4298.45 3121.27 4243.58 3115.70
P1400 0.1532779186964035 3610.97 2974.88 3664.79 2979.51 3655.23 3090.79 3601.40 3086.16
P1400 0.1476580649614334 3978.85 2998.64 4035.96 3001.62 4029.65 3122.21 3972.54 3119.23
P1400 0.13089057803153992 2664.48 3375.30 2739.15 3379.66 2731.49 3510.96 2656.82 3506.60
P1400 0.12037836015224457 4215.35 2977.73 4266.23 2981.96 4256.49 3098.99 4205.62 3094.75
P1400 0.12019515782594681 670.07 1315.74 752.52 1328.20 727.60 1493.09 645.16 1480.63
P1400 0.11880001425743103 4390.60 1337.65 4678.87 1438.03 4648.96 1523.94 4360.68 1423.55
P1400 0.10649027675390244 3129.51 2953.15 3178.67 2957.15 3169.45 3070.45 3120.28 3066.45
P1400 0.10300111025571823 4073.73 3002.98 4121.42 3004.78 4117.66 3104.06 4069.98 3102.25
P1400 0.09778819978237152 1270.66 308.00 1323.11 313.29 1312.40 419.48 1259.95 414.19
P1400 0.09072732925415039 4070.13 451.82 4167.94 461.34 4152.68 618.18 4054.86 608.66
P1400 0.08836066722869873 400.55 565.58 447.40 570.67 432.35 709.24 385.50 704.15
P1400 0.08512865751981735 3837.99 1455.93 3911.88 1459.61 3903.90 1619.83 3830.01 1616.15
P1400 0.0807114839553833 3653.51 2955.87 3713.81 2958.10 3709.67 3069.83 3649.37 3067.59
P1400 0.07039636373519897 3561.88 2961.45 3623.49 2966.89 3614.34 3070.76 3552.73 3065.32
P1400 0.0647624284029007 3881.30 3002.47 3946.11 3007.84 3938.33 3101.69 3873.52 3096.32
P1400 0.06019679084420204 607.17 277.20 661.89 278.46 659.40 386.57 604.68 385.31
P1400 0.059777889400720596 4032.31 2973.81 4086.59 2982.55 4069.42 3089.13 4015.14 3080.38
P1400 0.058948785066604614 1699.67 2488.07 1729.76 2488.70 1727.94 2576.55 1697.84 2575.93
P1400 0.05614520609378815 2747.50 2930.10 2804.41 2935.11 2793.51 3059.03 2736.60 3054.03
P1400 0.05464707314968109 5834.12 2691.84 5890.12 2648.71 5957.88 2736.69 5901.88 2779.82
P1123 0.15656736493110657 5902.66 316.79 6254.08 188.61 6344.95 437.73 5993.54 565.91
P2263 0.5272756814956665 182.64 177.80 196.03 175.19 199.10 190.93 185.70 193.54
P0182 0.9994876384735107 1852.82 1165.26 1959.78 1159.26 1964.38 1241.33 1857.42 1247.33
P0182 0.9988516569137573 1828.47 1026.11 1907.21 1002.38 1927.54 1069.85 1848.80 1093.57
P0182 0.9306084513664246 4673.82 519.21 4712.60 519.36 4712.24 613.07 4673.47 612.92
P0182 0.09676296263933182 4646.54 511.45 4674.68 514.73 4663.94 607.13 4635.80 603.85
P2208 0.9561181664466858 4285.56 336.11 4311.06 323.85 4326.29 355.53 4300.78 367.79
P2208 0.9187670946121216 2767.39 2626.63 2846.51 2633.84 2836.54 2743.15 2757.42 2735.94
P2208 0.5953072905540466 1118.46 2382.45 1139.60 2370.57 1154.52 2397.12 1133.38 2409.00
P2208 0.5868181586265564 3534.63 738.04 3561.50 738.74 3560.58 773.73 3533.72 773.03
P2208 0.5097531080245972 4458.70 1499.83 4489.33 1526.46 4465.76 1553.56 4435.13 1526.93
P2208 0.3830362856388092 4199.37 341.48 4222.75 344.60 4219.85 366.31 4196.47 363.20
P2208 0.26205942034721375 4717.65 1256.66 4759.02 1262.58 4753.18 1303.42 4711.80 1297.50
P2208 0.2581741213798523 2980.55 1668.55 3023.95 1673.49 3019.07 1716.34 2975.67 1711.40
P2208 0.24380356073379517 2382.11 528.51 2402.36 515.01 2418.15 538.70 2397.89 552.20
P2208 0.16216878592967987 2127.29 2593.08 2141.09 2605.70 2127.47 2620.60 2113.67 2607.98
P2208 0.15699270367622375 3888.56 2683.98 3951.11 2667.93 3966.44 2727.66 3903.89 2743.71
P2208 0.1477523148059845 3130.54 2701.44 3181.68 2699.23 3184.50 2764.37 3133.35 2766.57
P2208 0.0964629128575325 3547.19 2497.47 3574.94 2507.36 3565.80 2532.99 3538.05 2523.10
P2208 0.08594086766242981 4195.61 216.58 4220.08 215.41 4221.89 253.46 4197.43 254.63
P2208 0.07465581595897675 3637.71 2530.14 3693.05 2569.06 3643.32 2639.77 3587.98 2600.85
P2208 0.07444460690021515 509.00 522.49 545.15 506.81 553.72 526.57 517.57 542.24
P2208 0.07266894727945328 2272.95 286.34 2306.52 285.86 2307.01 319.67 2273.44 320.15
P2208 0.05967208743095398 3592.58 2464.73 3653.01 2506.76 3610.26 2568.23 3549.83 2526.20
P2208 0.0578138642013073 2552.78 189.28 2569.20 190.57 2565.66 235.25 2549.25 233.96
P2208 0.05653484910726547 3313.22 1595.28 3375.53 1554.72 3436.15 1647.87 3373.84 1688.42
P2208 0.0549558587372303 2773.39 239.32 2789.24 228.26 2804.16 249.64 2788.31 260.70
P2208 0.05452539399266243 3638.39 371.99 3668.91 374.13 3666.89 402.92 3636.38 400.78
P2774 0.09778914600610733 753.37 3532.12 773.65 3516.56 785.57 3532.09 765.28 3547.65
P1447 0.08122267574071884 1172.27 494.77 1296.16 604.70 1177.82 738.07 1053.93 628.14
P1504 0.941162109375 865.46 829.32 883.49 818.65 900.84 847.99 882.81 858.65
P1504 0.14277824759483337 814.59 2511.79 838.19 2501.89 850.70 2531.69 827.10 2541.60
P1504 0.1063198670744896 850.39 796.66 874.93 790.43 882.60 820.69 858.06 826.91
P1504 0.054603878408670425 803.72 1361.97 833.16 1337.99 860.02 1370.97 830.58 1394.95
P0057 0.1289742887020111 2423.78 347.45 2518.52 374.91 2491.74 467.32 2397.00 439.86
P1163 0.9997921586036682 2172.83 1864.17 2255.85 1928.04 2206.20 1992.59 2123.17 1928.73
P1163 0.9995208978652954 1450.71 2172.24 1486.11 2190.06 1466.63 2228.75 1431.23 2210.93
P1163 0.9978964328765869 3540.50 4891.06 3572.87 4895.00 3567.19 4941.65 3534.83 4937.71
P1163 0.9964447617530823 1466.32 2353.65 1497.28 2378.25 1472.35 2409.62 1441.40 2385.03
P1163 0.9723753333091736 1379.65 2308.69 1410.98 2325.64 1390.52 2363.49 1359.18 2346.54
P1163 0.4674104154109955 4245.62 933.54 4321.69 965.55 4292.54 1034.83 4216.47 1002.81
P1163 0.36068323254585266 1753.64 2530.54 1795.19 2561.05 1763.31 2604.48 1721.76 2573.97
P1163 0.24421851336956024 5715.81 2254.28 5740.43 2243.23 5750.52 2265.71 5725.90 2276.76
P1163 0.1774074286222458 880.02 5149.84 912.32 5177.08 883.47 5211.30 851.17 5184.06
P1163 0.11329619586467743 2847.96 915.49 2878.07 930.43 2871.46 943.75 2841.35 928.81
P1163 0.1045597568154335 4717.27 953.20 4794.16 990.05 4757.44 1066.66 4680.56 1029.81
P1163 0.08075100928544998 4655.04 945.05 4687.14 960.26 4673.86 988.30 4641.75 973.09
P1163 0.05943325534462929 1479.39 2109.10 1549.76 2149.18 1537.55 2170.63 1467.17 2130.55
P1671 0.08589334785938263 2002.00 1483.76 2021.71 1502.07 1997.52 1528.08 1977.82 1509.76
P1363 0.6971431970596313 4073.31 1891.57 4113.16 1870.33 4131.93 1905.54 4092.08 1926.78
P1363 0.2292817085981369 4410.44 822.81 4432.14 826.01 4428.90 847.92 4407.20 844.72
P1363 0.1858791559934616 3663.89 142.03 3694.48 127.37 3708.61 156.86 3678.01 171.51
P1363 0.05408715084195137 4100.60 1505.46 4123.38 1512.34 4113.74 1544.27 4090.96 1537.40
P1448 0.07982613891363144 739.02 979.24 1217.52 1361.90 933.13 1717.52 454.63 1334.86
P1448 0.06384114921092987 3692.86 -7.59 3770.18 25.12 3733.16 112.65 3655.83 79.95
P1423 0.08577461540699005 1305.02 720.07 1471.21 606.97 1544.60 714.80 1378.41 827.91
P0165 0.5784238576889038 1193.28 1752.82 1226.05 1750.48 1228.13 1779.55 1195.36 1781.89
P0165 0.5644291639328003 1181.41 1413.86 1212.51 1418.80 1207.88 1447.99 1176.77 1443.05
P0165 0.29349642992019653 1166.96 1926.48 1205.91 1930.70 1202.58 1961.43 1163.63 1957.22
P0165 0.1943865716457367 2420.62 2058.45 2459.84 2057.31 2460.85 2092.14 2421.64 2093.29
P0165 0.1579839587211609 2890.08 1903.47 2927.47 1902.90 2927.92 1932.61 2890.54 1933.18
P0165 0.15330976247787476 2252.76 1619.02 2288.70 1622.89 2284.30 1663.78 2248.36 1659.91
P0165 0.08918995410203934 2229.91 3207.50 2252.91 3203.56 2256.05 3221.91 2233.05 3225.84
P0165 0.07874824106693268 954.71 2297.37 972.45 2283.55 988.54 2304.22 970.81 2318.03
P0165 0.056217171251773834 2927.97 2501.70 2938.97 2493.83 2947.80 2506.17 2936.81 2514.04
P0165 0.05130775272846222 1049.05 1087.55 1071.41 1069.00 1090.50 1092.03 1068.14 1110.58
P0165 0.05061901733279228 2625.08 723.96 2664.04 739.22 2649.01 777.59 2610.05 762.33
P1500 0.08270037174224854 844.00 3302.16 867.92 3284.60 878.50 3299.01 854.59 3316.57
P2559 0.07120384275913239 1483.82 2007.70 1504.53 1999.05 1515.27 2024.74 1494.55 2033.39
P2559 0.05681006610393524 811.14 1358.13 841.74 1348.14 849.61 1372.24 819.01 1382.23
P0679 0.06831593066453934 864.56 1983.09 927.51 1958.74 946.01 2006.57 883.07 2030.92
P0166 0.3033169209957123 963.31 2965.84 980.49 2956.69 990.33 2975.17 973.16 2984.32
P0166 0.3002193868160248 997.84 2843.34 1024.12 2822.97 1036.84 2839.38 1010.56 2859.75
P0166 0.11462601274251938 2020.94 2252.27 2049.88 2239.74 2065.33 2275.42 2036.39 2287.95
P0166 0.10470924526453018 2544.76 1942.79 2580.56 1925.46 2594.69 1954.62 2558.89 1971.96
P0166 0.06511876732110977 2258.05 2132.09 2271.56 2125.01 2278.42 2138.09 2264.90 2145.18
P0166 0.056525830179452896 2439.84 1995.81 2467.64 1978.58 2479.39 1997.55 2451.59 2014.78
P1406 0.3032521605491638 3722.26 3711.05 3743.97 3726.15 3727.48 3749.85 3705.77 3734.75
P1406 0.15673179924488068 3953.13 3851.05 3976.25 3859.69 3965.81 3887.66 3942.68 3879.03
P1129 0.9998973608016968 595.18 1879.41 650.70 1889.25 639.97 1949.76 584.45 1939.92
P1129 0.9997594952583313 532.94 1870.00 581.45 1879.88 569.13 1940.37 520.61 1930.49
P1129 0.9995763897895813 3129.29 5788.86 3212.82 5808.54 3190.88 5901.68 3107.35 5882.00
P1129 0.9992927312850952 728.46 1691.60 791.03 1700.61 781.48 1766.90 718.91 1757.89
P1129 0.9985582232475281 264.94 1769.82 325.92 1789.71 305.82 1851.35 244.84 1831.47
P1129 0.9983906745910645 3394.61 4868.10 3485.67 4875.74 3478.54 4960.71 3387.48 4953.07
P1129 0.9960687160491943 3419.85 4652.37 3518.64 4667.67 3505.14 4754.89 3406.34 4739.59
P1129 0.9926717281341553 419.50 1759.31 474.70 1771.76 461.92 1828.44 406.72 1815.99
P1129 0.9918240904808044 300.71 1453.92 356.33 1460.06 348.82 1528.11 293.20 1521.97
P1129 0.9912732243537903 3353.50 5067.41 3443.11 5081.24 3428.87 5173.54 3339.26 5159.71
P1129 0.7821643352508545 3120.87 4453.72 3201.67 4486.96 3169.26 4565.77 3088.45 4532.53
P1129 0.7769821882247925 431.93 1681.00 493.92 1689.89 484.81 1753.45 422.82 1744.56
P1129 0.22578682005405426 3218.47 2319.06 3265.41 2324.41 3250.65 2453.86 3203.70 2448.50
P1126 0.9321632385253906 4557.36 1509.52 4893.03 1401.25 4976.79 1660.96 4641.12 1769.23
P1126 0.49811699986457825 5103.69 1392.74 5456.26 1288.03 5533.30 1547.43 5180.73 1652.14
P1126 0.14289700984954834 374.13 1056.26 602.70 961.16 672.25 1128.32 443.68 1223.43
P1126 0.11751201003789902 2086.78 1697.75 2201.85 1668.06 2222.96 1749.88 2107.89 1779.57
P1510 0.29410985112190247 188.61 186.29 270.99 209.22 241.56 314.93 159.18 291.99
P1510 0.10914099961519241 1571.47 56.24 1603.25 62.88 1592.27 115.41 1560.49 108.77
P1655 0.21675340831279755 3659.70 3108.63 3686.37 3101.18 3692.14 3121.85 3665.47 3129.29
P1655 0.1951686441898346 3742.12 3087.54 3765.91 3082.14 3770.79 3103.66 3747.00 3109.06
P1655 0.10529012978076935 3044.09 1400.21 3066.86 1409.35 3055.54 1437.59 3032.76 1428.46
P1162 0.9986974596977234 492.73 544.02 693.47 543.74 693.81 793.61 493.07 793.88
P0865 0.09429412335157394 2452.63 342.84 2468.82 345.01 2463.25 386.42 2447.06 384.24
P2546 0.06725455075502396 659.12 589.33 686.81 584.66 690.93 609.11 663.24 613.77
P2635 0.37492409348487854 2267.20 1173.45 2457.53 1190.06 2447.94 1299.98 2257.61 1283.37
P0040 0.8411017656326294 393.00 3047.97 467.78 3059.72 454.59 3143.64 379.81 3131.89
P0040 0.33668023347854614 368.75 3336.11 436.16 3277.74 482.82 3331.63 415.42 3390.00
P0040 0.054631080478429794 1299.14 590.59 1327.89 594.31 1319.10 662.35 1290.34 658.63
P1549 0.05239926278591156 60.33 848.33 87.24 841.53 97.89 883.70 70.98 890.50
P2694 0.1848958134651184 2699.53 820.07 2742.63 789.67 2776.61 837.84 2733.51 868.24
P2041 0.11154218763113022 433.73 152.96 442.06 155.75 436.17 173.25 427.85 170.45
P2041 0.07266034930944443 199.28 264.97 222.25 283.91 197.40 314.06 174.42 295.12
P2511 0.09144091606140137 827.98 981.30 857.68 997.27 840.98 1028.33 811.28 1012.35
P2238 0.6906710863113403 625.05 726.34 644.44 735.14 633.38 759.50 614.00 750.70
P0181 0.994366466999054 4037.99 580.56 4157.06 605.87 4139.10 690.40 4020.03 665.09
P1402 0.9410300254821777 3560.22 3203.87 3570.57 3204.35 3569.34 3230.99 3558.99 3230.51
P1402 0.9064366221427917 3571.18 3205.71 3582.95 3206.56 3581.16 3231.22 3569.40 3230.37
P1402 0.8775849342346191 3593.07 3206.98 3604.00 3207.46 3602.88 3233.31 3591.96 3232.83
P1402 0.8775237798690796 3624.86 3207.40 3635.64 3207.59 3635.20 3233.17 3624.41 3232.98
P1402 0.8528069257736206 3548.32 3205.10 3558.80 3205.25 3558.44 3229.61 3547.95 3229.45
P1402 0.8437662124633789 3603.45 3208.53 3615.24 3209.06 3614.19 3232.22 3602.40 3231.69
P1402 0.8262342214584351 1534.36 827.73 1551.81 818.01 1562.59 837.35 1545.14 847.07
P1402 0.7795972228050232 3946.46 2327.43 3954.53 2327.38 3954.68 2349.65 3946.60 2349.70
P1402 0.7737462520599365 3433.37 3194.56 3442.90 3196.01 3438.35 3226.01 3428.82 3224.57
P1402 0.7615055441856384 1745.19 3775.84 1766.34 3782.92 1760.48 3800.44 1739.33 3793.35
P1402 0.6814993619918823 3636.36 3208.96 3647.42 3209.23 3646.85 3232.81 3635.79 3232.54
P1402 0.6321004629135132 1589.54 1166.07 1605.73 1164.98 1606.58 1177.50 1590.39 1178.60
P1402 0.6205036640167236 3536.79 3267.87 3551.24 3268.78 3549.92 3289.73 3535.48 3288.82
P1402 0.5058357119560242 1585.46 1024.41 1603.30 1024.02 1603.63 1038.78 1585.78 1039.17
P1402 0.5029681324958801 3445.47 3201.18 3452.94 3201.59 3451.67 3224.93 3444.20 3224.52
P1402 0.4833585321903229 1580.97 1100.00 1594.53 1098.94 1595.75 1114.63 1582.19 1115.68
P1402 0.47775065898895264 1088.18 1273.01 1101.78 1263.19 1111.81 1277.08 1098.21 1286.90
P1402 0.4712185561656952 3520.35 2938.20 3531.55 2935.41 3536.62 2955.80 3525.41 2958.58
P1402 0.4579135477542877 1583.13 1001.35 1602.48 999.94 1603.71 1016.76 1584.35 1018.17
P1402 0.45654794573783875 3643.99 3455.48 3653.45 3456.10 3651.93 3479.31 3642.47 3478.69
P1402 0.44563496112823486 3934.35 2326.15 3944.25 2326.69 3943.01 2349.54 3933.11 2349.00
P1402 0.43378308415412903 3524.13 3197.67 3536.67 3198.09 3535.70 3227.61 3523.16 3227.19
P1402 0.41273149847984314 3956.37 2328.69 3965.16 2328.29 3966.15 2349.78 3957.35 2350.18
P1402 0.409190833568573 1231.99 1497.31 1271.80 1463.42 1304.17 1501.45 1264.36 1535.33
P1402 0.3955771327018738 3422.84 3194.06 3429.68 3194.14 3429.34 3224.35 3422.49 3224.27
P1402 0.3788125514984131 3807.60 2333.21 3964.54 2322.01 3966.02 2342.83 3809.09 2354.03
P1402 0.37730807065963745 1577.51 677.71 1594.72 676.66 1595.59 691.00 1578.38 692.04
P1402 0.37659913301467896 3457.05 3205.19 3470.90 3206.80 3468.68 3225.84 3454.84 3224.23
P1402 0.3624424338340759 3656.92 3455.09 3666.93 3456.49 3663.64 3480.03 3653.63 3478.63
P1402 0.36113399267196655 3413.52 3193.01 3421.07 3193.07 3420.81 3223.49 3413.26 3223.43
P1402 0.35860657691955566 3865.37 3191.33 3876.99 3189.72 3879.19 3205.57 3867.57 3207.18
P1402 0.34285521507263184 3403.79 3193.09 3410.51 3193.67 3407.93 3223.55 3401.22 3222.97
P1402 0.3252655863761902 4012.11 3134.19 4023.65 3134.36 4023.11 3172.75 4011.57 3172.59
P1402 0.31966257095336914 1572.46 3705.33 1591.15 3710.12 1588.24 3721.48 1569.55 3716.69
P1402 0.30677708983421326 1576.36 1237.30 1586.10 1238.98 1583.04 1256.68 1573.30 1255.00
P1402 0.300310343503952 3561.98 3108.03 3571.73 3109.51 3569.11 3126.76 3559.36 3125.28
P1402 0.29924091696739197 3511.36 3046.05 3520.30 3045.96 3520.48 3062.43 3511.53 3062.53
P1402 0.2949778437614441 3520.79 2902.98 3532.92 2901.00 3535.90 2919.22 3523.77 2921.20
P1402 0.2895015478134155 3800.61 2297.02 3971.56 2285.90 3972.92 2306.81 3801.97 2317.93
P1402 0.2835941016674042 3636.37 3412.08 3646.28 3412.42 3645.54 3434.27 3635.63 3433.93
P1402 0.26743996143341064 3590.24 3107.75 3604.89 3106.21 3607.01 3126.32 3592.36 3127.87
P1402 0.2659321427345276 3546.65 3045.67 3557.18 3045.31 3557.82 3064.00 3547.29 3064.36
P1402 0.26428890228271484 3567.77 2826.04 3580.24 2828.43 3577.34 2843.60 3564.87 2841.22
P1402 0.2585059404373169 3494.48 3109.05 3504.08 3109.24 3503.75 3125.97 3494.16 3125.78
P1402 0.25339555740356445 3452.50 3100.47 3462.96 3103.05 3457.71 3124.35 3447.25 3121.76
P1402 0.2509651184082031 3675.18 3458.41 3685.36 3458.51 3685.12 3481.63 3674.94 3481.53
P1402 0.23628973960876465 3462.78 3099.58 3472.63 3101.25 3468.80 3123.85 3458.95 3122.19
P1402 0.2343754917383194 3754.96 2644.49 3766.38 2638.12 3772.96 2649.92 3761.54 2656.29
P1402 0.22870758175849915 3050.43 2865.75 3075.39 2843.08 3085.47 2854.17 3060.51 2876.85
P1402 0.22762440145015717 3636.04 4040.13 3655.05 4044.85 3647.19 4076.50 3628.18 4071.78
P1402 0.2251797318458557 3921.58 2324.84 3930.21 2324.60 3930.90 2350.25 3922.27 2350.48
P1402 0.22371910512447357 3782.18 3202.06 3793.43 3203.27 3792.08 3215.82 3780.82 3214.60
P1402 0.2205590158700943 3743.59 3189.74 3754.89 3188.03 3756.77 3200.40 3745.46 3202.11
P1402 0.21563556790351868 3731.96 3124.82 3742.49 3125.01 3742.24 3139.22 3731.71 3139.03
P1402 0.21243004500865936 3434.00 2972.49 3444.45 2975.96 3438.47 2994.01 3428.02 2990.54
P1402 0.21123087406158447 3515.36 2977.99 3596.20 3051.77 3536.56 3117.11 3455.73 3043.33
P1402 0.2075316309928894 1539.99 1141.19 1552.76 1141.34 1552.63 1152.00 1539.86 1151.85
P1402 0.1994703859090805 3489.10 2824.64 3501.73 2822.31 3505.32 2841.79 3492.69 2844.12
P1402 0.1943051666021347 3666.68 3455.74 3676.02 3457.07 3672.43 3482.34 3663.09 3481.01
P1402 0.19355963170528412 3822.97 2410.57 3840.22 2410.55 3840.24 2427.89 3822.99 2427.91
P1402 0.19311140477657318 3552.09 3268.88 3568.60 3271.80 3565.30 3290.48 3548.79 3287.56
P1402 0.19198474287986755 3572.29 3044.46 3581.59 3045.16 3580.18 3063.92 3570.88 3063.22
P1402 0.19051341712474823 3544.47 3099.09 3555.19 3098.63 3556.07 3119.28 3545.35 3119.74
P1402 0.18969540297985077 3631.71 3455.08 3642.79 3455.93 3640.74 3482.47 3629.66 3481.61
P1402 0.1895926147699356 3433.74 2899.23 3446.77 2898.90 3447.15 2913.85 3434.12 2914.18
P1402 0.18567664921283722 3711.45 2418.76 3731.09 2417.44 3732.47 2438.08 3712.82 2439.39
P1402 0.18373332917690277 3649.32 3112.78 3660.95 3114.21 3658.93 3130.58 3647.30 3129.15
P1402 0.1754661351442337 3911.66 2325.44 3918.59 2325.13 3919.67 2349.27 3912.73 2349.58
P1402 0.17358051240444183 1457.47 1048.89 1468.56 1059.32 1456.85 1071.77 1445.76 1061.35
P1402 0.16661927103996277 3649.62 3411.61 3659.02 3412.83 3656.06 3435.75 3646.66 3434.53
P1402 0.16503724455833435 3536.42 2858.96 3547.96 2862.38 3541.97 2882.61 3530.43 2879.20
P1402 0.16011622548103333 3739.02 2417.72 3755.93 2419.25 3754.13 2439.07 3737.22 2437.54
P1402 0.15828460454940796 3929.12 2426.02 3948.59 2425.25 3949.36 2444.54 3929.88 2445.31
P1402 0.15471020340919495 3511.04 3266.55 3525.15 3269.54 3521.00 3289.14 3506.89 3286.15
P1402 0.14913855493068695 2576.08 2298.76 2586.53 2291.74 2596.96 2307.26 2586.50 2314.28
P1402 0.14291781187057495 3613.26 3106.23 3623.08 3105.10 3625.55 3126.50 3615.73 3127.63
P1402 0.14165902137756348 3559.65 3045.33 3568.63 3044.92 3569.43 3062.72 3560.45 3063.12
P1402 0.141123965382576 3869.38 2408.24 3890.26 2409.19 3889.31 2430.24 3868.43 2429.30
P1402 0.14071840047836304 3623.53 3109.82 3634.07 3108.33 3636.72 3127.08 3626.19 3128.57
P1402 0.1381627321243286 3613.53 3408.97 3625.00 3409.83 3623.23 3433.33 3611.77 3432.47
P1402 0.13689008355140686 3522.30 3044.99 3531.78 3045.12 3531.54 3062.29 3522.06 3062.15
P1402 0.1365131139755249 3588.90 3308.53 3602.19 3310.26 3600.23 3325.38 3586.93 3323.65
P1402 0.13567319512367249 3344.73 2777.45 3360.50 2777.64 3360.27 2797.37 3344.50 2797.18
P1402 0.13209082186222076 1661.50 1835.39 1681.55 1852.73 1666.24 1870.43 1646.19 1853.08
P1402 0.13189418613910675 3283.93 2776.95 3299.69 2776.58 3300.15 2796.50 3284.40 2796.87
P1402 0.13008181750774384 3634.66 3371.45 3649.26 3374.93 3645.15 3392.14 3630.56 3388.66
P1402 0.12612010538578033 3559.63 3310.10 3574.03 3311.11 3572.87 3327.74 3558.47 3326.73
P1402 0.12564058601856232 3448.41 3265.84 3465.64 3268.87 3462.52 3286.62 3445.29 3283.60
P1402 0.12275350838899612 3517.03 3104.47 3531.64 3098.89 3539.97 3120.70 3525.36 3126.28
P1402 0.11767061799764633 3397.99 3192.30 3404.91 3192.86 3402.46 3223.10 3395.54 3222.54
P1402 0.11493415385484695 2415.45 1723.53 2438.91 1724.67 2437.17 1760.49 2413.71 1759.36
P1402 0.11450038850307465 3819.96 2325.20 3827.53 2325.99 3825.48 2345.52 3817.91 2344.73
P1402 0.11209814995527267 3894.43 2409.82 3913.66 2410.65 3912.80 2430.35 3893.58 2429.51
P1402 0.11172012984752655 3774.81 2405.53 3792.66 2406.25 3791.83 2426.91 3773.98 2426.20
P1402 0.11033108830451965 3545.01 2934.40 3555.81 2938.22 3548.16 2959.84 3537.36 2956.02
P1402 0.1092507541179657 3725.40 2407.05 3742.82 2406.20 3743.82 2426.62 3726.39 2427.47
P1402 0.1088646948337555 3857.63 2327.27 3863.76 2327.46 3863.15 2347.59 3857.02 2347.40
P1402 0.10781611502170563 3403.92 2777.30 3420.81 2777.59 3420.47 2797.24 3403.58 2796.95
P1402 0.10769181698560715 3870.31 3132.94 3882.13 3134.49 3879.83 3152.02 3868.00 3150.47
P1402 0.1063491702079773 3695.83 2542.14 3712.80 2543.02 3711.89 2560.52 3694.92 2559.64
P1402 0.10613526403903961 3676.00 3275.81 3682.55 3276.36 3680.73 3297.94 3674.18 3297.38
P1402 0.10486135631799698 3883.87 3201.37 3895.64 3205.26 3891.35 3218.22 3879.59 3214.33
P1402 0.10409574955701828 3424.03 2898.51 3434.93 2899.90 3433.09 2914.28 3422.19 2912.88
P1402 0.10346569865942001 3511.01 3098.66 3521.83 3098.80 3521.63 3115.02 3510.80 3114.88
P1402 0.10246820002794266 3786.00 2419.71 3805.83 2421.52 3804.00 2441.64 3784.16 2439.83
P1402 0.10220881551504135 3672.59 3409.72 3686.10 3411.74 3682.19 3437.95 3668.67 3435.93
P1402 0.10156245529651642 1987.36 1703.91 2007.48 1684.74 2028.77 1707.10 2008.65 1726.27
P1402 0.09916842728853226 3503.26 2862.22 3515.00 2860.91 3516.93 2878.30 3505.19 2879.61
P1402 0.0968979075551033 3797.91 3189.62 3809.92 3187.85 3811.80 3200.56 3799.79 3202.34
P1402 0.09632641077041626 3937.77 2290.24 3944.27 2290.51 3943.26 2314.79 3936.76 2314.52
P1402 0.09439541399478912 3590.57 3267.55 3603.48 3265.67 3606.70 3287.77 3593.79 3289.64
P1402 0.09261935204267502 3535.49 3045.06 3544.63 3045.16 3544.44 3062.35 3535.29 3062.25
P1402 0.09196451306343079 3977.05 3104.67 3991.88 3104.09 3992.62 3122.99 3977.78 3123.56
P1402 0.09036803990602493 3655.67 3275.25 3663.24 3276.74 3659.66 3294.97 3652.08 3293.48
P1402 0.09010272473096848 1803.64 3815.07 1836.30 3824.93 1830.75 3843.35 1798.09 3833.49
P1402 0.0900590568780899 3485.10 3045.36 3494.56 3045.03 3495.10 3060.32 3485.64 3060.65
P1402 0.08962443470954895 1571.52 3747.36 1592.00 3744.66 1594.24 3761.67 1573.76 3764.37
P1402 0.08919624239206314 3579.28 3113.50 3591.37 3110.85 3594.47 3125.00 3582.38 3127.65
P1402 0.08692681789398193 1577.91 490.21 1595.23 489.45 1596.03 507.70 1578.71 508.46
P1402 0.0859309658408165 3716.48 3166.06 3730.71 3156.85 3738.76 3169.29 3724.53 3178.50
P1402 0.08519192039966583 3462.89 2823.58 3475.71 2820.86 3480.03 2841.24 3467.21 2843.96
P1402 0.08517707884311676 3409.72 2320.94 3487.68 2316.17 3488.72 2333.16 3410.76 2337.93
P1402 0.08325782418251038 3852.07 3097.89 3863.71 3096.44 3865.48 3110.66 3853.83 3112.11
P1402 0.08250553905963898 3874.45 2750.73 3885.81 2750.15 3886.43 2762.33 3875.07 2762.91
P1402 0.07796353846788406 3758.51 3163.23 3771.37 3162.08 3772.60 3175.75 3759.73 3176.91
P1402 0.07748588174581528 3593.86 2419.29 3609.84 2420.48 3608.95 2432.41 3592.97 2431.22
P1402 0.0764879509806633 3555.78 2825.81 3567.80 2827.17 3565.99 2843.11 3553.97 2841.74
P1402 0.0762796550989151 3922.94 2653.47 3932.99 2657.10 3928.65 2669.13 3918.60 2665.50
P1402 0.07567409425973892 3603.76 3110.72 3614.69 3110.79 3614.58 3127.66 3603.64 3127.58
P1402 0.07472715526819229 3803.00 2581.02 3815.68 2591.23 3806.04 2603.19 3793.37 2592.98
P1402 0.0746895968914032 3947.32 2289.89 3953.63 2290.37 3951.72 2315.44 3945.42 2314.96
P1402 0.07357242703437805 3294.13 2821.04 3306.97 2819.28 3309.80 2839.91 3296.96 2841.67
P1402 0.07267209887504578 3855.25 3189.76 3866.64 3190.25 3865.92 3206.94 3854.53 3206.44
P1402 0.07252536714076996 3882.36 3189.12 3891.97 3196.84 3882.52 3208.59 3872.91 3200.87
P1402 0.07245801389217377 3576.81 2872.66 3587.36 2863.87 3595.39 2873.52 3584.84 2882.31
P1402 0.07070004194974899 3926.44 2645.58 3940.03 2640.92 3944.80 2654.80 3931.21 2659.47
P1402 0.0706247016787529 3451.64 3684.17 3465.01 3677.59 3471.90 3691.57 3458.53 3698.16
P1402 0.07056061923503876 1524.66 1493.46 1531.67 1486.96 1544.36 1500.65 1537.35 1507.15
P1402 0.07019613683223724 3766.32 2650.32 3780.33 2652.16 3778.60 2665.29 3764.59 2663.45
P1402 0.07017223536968231 3711.90 3189.24 3723.06 3189.21 3723.10 3202.13 3711.94 3202.16
P1402 0.06887224316596985 1893.56 3863.81 1912.02 3876.52 1894.40 3902.10 1875.95 3889.39
P1402 0.068654365837574 3438.56 2858.56 3453.24 2858.01 3453.82 2873.50 3439.14 2874.05
P1402 0.06864562630653381 1539.20 1191.74 1552.05 1191.85 1551.95 1203.71 1539.11 1203.60
P1402 0.06816377490758896 3436.30 3045.90 3447.65 3045.83 3447.76 3062.51 3436.41 3062.58
P1402 0.06809420138597488 2750.92 2687.77 2768.87 2705.70 2751.50 2723.09 2733.55 2705.16
P1402 0.066208116710186 2438.04 2119.06 2467.07 2101.69 2499.80 2156.41 2470.77 2173.78
P1402 0.06489384174346924 3754.15 3189.79 3766.06 3188.35 3767.82 3202.94 3755.91 3204.38
P1402 0.06467356532812119 3870.83 2321.03 3880.53 2322.18 3877.19 2350.29 3867.49 2349.13
P1402 0.06457754969596863 1566.60 1490.97 1578.32 1482.38 1587.02 1494.27 1575.30 1502.86
P1402 0.06452211737632751 3793.55 3203.02 3805.49 3204.52 3803.89 3217.24 3791.96 3215.75
P1402 0.06382419168949127 3831.02 3202.01 3840.33 3207.37 3834.28 3217.87 3824.97 3212.51
P1402 0.06374215334653854 3762.26 2420.17 3780.78 2421.09 3779.84 2440.17 3761.32 2439.26
P1402 0.06321384012699127 3491.93 520.30 3503.45 525.87 3497.28 538.62 3485.76 533.05
P1402 0.062434226274490356 3575.80 3266.12 3590.04 3270.29 3585.48 3285.87 3571.24 3281.70
P1402 0.061703529208898544 1805.89 3879.49 1829.55 3893.63 1813.58 3920.34 1789.92 3906.20
P1402 0.06148141622543335 3775.56 2637.44 3791.50 2639.80 3789.08 2656.18 3773.14 2653.82
P1402 0.06132904067635536 3576.84 2834.12 3587.20 2826.95 3593.94 2836.70 3583.58 2843.87
P1402 0.06118331477046013 1807.67 3848.52 1835.00 3843.10 1837.30 3854.72 1809.97 3860.14
P1402 0.060720138251781464 3664.86 3276.37 3671.27 3277.45 3668.22 3295.51 3661.80 3294.43
P1402 0.059709902852773666 3914.23 3159.67 3926.49 3165.88 3920.67 3177.36 3908.42 3171.16
P1402 0.05851127579808235 3359.19 3011.99 3367.87 3014.44 3364.00 3028.15 3355.32 3025.70
P1402 0.057563524693250656 3841.07 3193.75 3851.70 3187.70 3858.98 3200.49 3848.36 3206.54
P1402 0.05732320621609688 3725.06 3203.87 3739.91 3204.78 3739.24 3215.71 3724.39 3214.79
P1402 0.057263489812612534 3748.54 3206.45 3759.83 3203.05 3763.05 3213.73 3751.76 3217.13
P1402 0.0563579723238945 3460.59 2972.90 3470.71 2972.10 3472.16 2990.56 3462.05 2991.36
P1402 0.05611386150121689 3484.56 2973.16 3494.93 2973.52 3494.38 2989.67 3484.01 2989.31
P1402 0.055447306483983994 2057.67 2295.45 2101.46 2307.79 2094.91 2331.01 2051.12 2318.67
P1402 0.05486038699746132 3652.21 3374.92 3659.62 3375.79 3657.73 3391.86 3650.32 3390.99
P1402 0.053276609629392624 3665.05 2422.93 3681.55 2422.48 3681.95 2437.33 3665.45 2437.78
P1402 0.051911141723394394 3983.13 3134.20 3997.84 3138.58 3993.58 3152.87 3978.87 3148.48
P1402 0.051770228892564774 3721.44 3191.25 3733.87 3191.73 3733.36 3205.00 3720.93 3204.52
P1402 0.05138101428747177 1598.38 3583.40 1627.09 3575.67 1634.60 3603.54 1605.89 3611.27
P1402 0.05069763958454132 3934.13 2932.85 3949.93 2935.72 3945.50 2960.09 3929.70 2957.22
P1402 0.050664253532886505 3933.75 1173.01 3941.62 1176.91 3933.08 1194.16 3925.20 1190.25
P1402 0.05062268674373627 3909.33 2641.84 3923.80 2643.28 3922.38 2657.55 3907.91 2656.11
P2367 0.18553175032138824 287.66 1243.69 317.11 1249.63 310.44 1282.68 280.99 1276.74
P2367 0.11234141141176224 326.12 1258.48 356.43 1266.87 348.19 1296.61 317.88 1288.21
P0034 0.13055075705051422 1868.87 1015.85 1886.82 1004.94 1911.05 1044.78 1893.10 1055.70
P0034 0.09975103288888931 3042.64 337.79 3072.78 320.43 3102.88 372.69 3072.74 390.05
P0208 0.20101721584796906 978.35 1891.76 1050.51 1864.65 1079.49 1941.76 1007.34 1968.88
P0208 0.1371302455663681 1266.40 1628.28 1341.72 1599.08 1379.67 1696.96 1304.35 1726.17
P0208 0.10153847187757492 1384.09 1936.55 1456.90 1905.36 1495.95 1996.52 1423.14 2027.71
P0955 0.12896287441253662 1835.71 1054.13 1876.58 1045.31 1886.15 1089.69 1845.27 1098.50
P1488 0.08480832725763321 951.71 5350.63 969.94 5348.91 972.75 5378.68 954.52 5380.40
P0247 0.5707392692565918 390.04 1146.02 418.51 1118.65 455.41 1157.03 426.94 1184.40
P2447 0.13607212901115417 378.56 93.28 391.49 90.37 394.00 101.50 381.07 104.41
P2443 0.13078638911247253 1207.17 1881.41 1233.69 1890.76 1221.90 1924.23 1195.37 1914.88
P0274 0.06044400855898857 784.96 324.45 813.52 328.61 799.23 426.81 770.67 422.65
P0197 0.1182897686958313 88.93 214.91 158.04 165.58 199.52 223.70 130.41 273.03
P2188 0.060712411999702454 914.34 1506.84 1000.67 1471.79 1024.97 1531.62 938.64 1566.67
P2347 0.2524927258491516 1130.62 698.25 1145.08 707.23 1129.24 732.71 1114.78 723.73
P2347 0.1171102449297905 1049.16 925.86 1101.30 917.22 1104.52 936.64 1052.38 945.28
